  1.9930457624150872E+00 a         1     0     1     1     1
 -2.9393959218991021E+00 a         2     0     1     1     2
  2.1274163390562144E+00 a         3     0     1     1     3
  3.5123474378370600E-01 a         4     0     1     1     4
 -2.2886619022970462E+00 a         5     0     1     1     5
  2.6528990348684993E+00 a         6     0     1     1     6
 -2.2556001694526899E+00 a         7     0     1     1     7
  2.4357728668059222E+00 a         8     0     1     1     8
 -2.7436566091514925E+00 a         9     0     1     1     9
 -1.2920929271220876E+00 a        10     0     1     1    10
  2.3102964315294798E+00 a        11     0     1     1    11
  8.0502515254636053E-01 a        12     0     1     1    12
  2.1963293362538039E+00 a        13     0     1     1    13
  2.1376325043944866E+00 a        14     0     1     1    14
  8.8918032540427272E-01 a        15     0     1     1    15
  3.3128761004494972E-01 a        16     0     1     1    16
 -8.8572715567865412E-01 a        17     0     1     1    17
  8.2848436891814037E-01 a        18     0     1     1    18
  4.5977386292859329E-01 a        19     0     1     1    19
 -8.8813719882527536E-02 a        20     0     1     1    20
  3.2357788296276806E+00 a        21     0     1     1    21
 -4.5294114481954262E-01 a        22     0     1     1    22
 -2.8770724189001702E+00 a        23     0     1     1    23
 -3.2094956762855782E+00 a        24     0     1     1    24
  1.3058236408537036E+00 a        25     0     1     1    25
 -2.9553209644361020E+00 a        26     0     2     1     1
  2.1520664204433253E-02 a        27     0     2     1     2
 -2.8442382341009642E+00 a        28     0     2     1     3
 -1.1276479974626777E-01 a        29     0     2     1     4
  1.8769397020994338E+00 a        30     0     2     1     5
  1.8739755824876883E+00 a        31     0     2     1     6
  1.2647320502445498E+00 a        32     0     2     1     7
 -9.9835652160209376E-01 a        33     0     2     1     8
  7.1282282307120370E+00 a        34     0     2     1     9
  1.9679629834381080E+00 a        35     0     2     1    10
  1.5414806545822599E+00 a        36     0     2     1    11
 -7.3646337562475317E-01 a        37     0     2     1    12
 -1.9939233332429023E+00 a        38     0     2     1    13
 -4.4684932568535179E-01 a        39     0     2     1    14
  4.3981897386277051E+00 a        40     0     2     1    15
  3.7561837996035270E+00 a        41     0     2     1    16
 -2.2100706543413565E-01 a        42     0     2     1    17
 -2.5395957263177946E+00 a        43     0     2     1    18
 -3.1452909256908482E-02 a        44     0     2     1    19
  1.4982509770349399E+00 a        45     0     2     1    20
 -4.5168952057850937E+00 a        46     0     2     1    21
  1.5146568083674263E+00 a        47     0     2     1    22
  2.0049602969582692E+00 a        48     0     2     1    23
  2.1504662393115481E+00 a        49     0     2     1    24
  8.2538770822927943E-01 a        50     0     2     1    25
 -1.0804194429348040E+00 a        51     0     3     1     1
  3.5380535487887244E+00 a        52     0     3     1     2
  7.8034594884986541E-01 a        53     0     3     1     3
 -1.2940159150105146E-01 a        54     0     3     1     4
  3.8766408448597804E+00 a        55     0     3     1     5
 -2.9089920597334191E+00 a        56     0     3     1     6
  1.0665271493622681E+00 a        57     0     3     1     7
 -8.9441978842225267E-01 a        58     0     3     1     8
 -2.1043912707307819E+00 a        59     0     3     1     9
  1.0109024528184383E+00 a        60     0     3     1    10
 -3.8913390008881716E+00 a        61     0     3     1    11
  4.5088517199286233E+00 a        62     0     3     1    12
  5.0103371917848229E-02 a        63     0     3     1    13
  6.7312049876672952E-01 a        64     0     3     1    14
 -1.2563415223854570E+00 a        65     0     3     1    15
 -2.2906227898579443E+00 a        66     0     3     1    16
  1.7935708992005523E+00 a        67     0     3     1    17
  1.6206904477235844E+00 a        68     0     3     1    18
  9.0723168575717439E-01 a        69     0     3     1    19
  9.1289367549243849E-01 a        70     0     3     1    20
 -6.6884210006359046E-01 a        71     0     3     1    21
 -6.7962577226888074E-02 a        72     0     3     1    22
 -1.6119755538861602E+00 a        73     0     3     1    23
  2.7292154925616363E+00 a        74     0     3     1    24
 -1.2549218350170879E+00 a        75     0     3     1    25
  8.5712161899457384E-01 a        76     0     4     1     1
  1.1747360133944365E+00 a        77     0     4     1     2
  1.5701857103894487E-01 a        78     0     4     1     3
  3.0468769108405929E+00 a        79     0     4     1     4
 -2.7707843607244662E+00 a        80     0     4     1     5
 -1.6129088613101155E+00 a        81     0     4     1     6
 -2.7894000120724676E+00 a        82     0     4     1     7
 -1.8556901461291960E-02 a        83     0     4     1     8
 -6.1452416457898327E+00 a        84     0     4     1     9
 -4.9330439679389565E-01 a        85     0     4     1    10
 -3.4516324104657339E+00 a        86     0     4     1    11
 -4.8348686919699739E+00 a        87     0     4     1    12
 -2.2895144035255138E-01 a        88     0     4     1    13
  6.4716149342783913E-02 a        89     0     4     1    14
 -3.1217182859810619E+00 a        90     0     4     1    15
 -5.1310003524385106E+00 a        91     0     4     1    16
 -5.3254530652215037E-01 a        92     0     4     1    17
 -5.1214521992896789E-01 a        93     0     4     1    18
 -2.7976161182855996E+00 a        94     0     4     1    19
 -2.2448387950475359E+00 a        95     0     4     1    20
  2.9692357839914227E+00 a        96     0     4     1    21
 -3.2510069261237956E-01 a        97     0     4     1    22
  4.9925079744836121E-01 a        98     0     4     1    23
  8.4435568294799301E-01 a        99     0     4     1    24
 -2.3314253496123207E+00 a       100     0     4     1    25
 -1.2221528416614971E+00 a       101     0     5     1     1
  1.0434990190701426E-01 a       102     0     5     1     2
  4.2491225711875069E-01 a       103     0     5     1     3
 -3.6550392796781179E+00 a       104     0     5     1     4
  4.9857419575302997E-01 a       105     0     5     1     5
 -3.1298180374907023E+00 a       106     0     5     1     6
  4.9199711874631609E+00 a       107     0     5     1     7
 -8.0964215116675642E-01 a       108     0     5     1     8
  1.0793558893650608E+00 a       109     0     5     1     9
  1.6639687388465241E+00 a       110     0     5     1    10
  1.0516666122392038E+00 a       111     0     5     1    11
 -1.6230663832298589E+00 a       112     0     5     1    12
 -1.8948895427548504E+00 a       113     0     5     1    13
 -3.6054822670541951E+00 a       114     0     5     1    14
  4.5814906055063920E-01 a       115     0     5     1    15
  2.7574345656095218E+00 a       116     0     5     1    16
 -1.1816100273348515E-01 a       117     0     5     1    17
  1.5212161939712460E-01 a       118     0     5     1    18
  7.5291619882133731E-01 a       119     0     5     1    19
  5.9321058072021926E-01 a       120     0     5     1    20
 -4.3313813151236186E-01 a       121     0     5     1    21
 -1.4653806248686345E+00 a       122     0     5     1    22
  1.1460842685388455E+00 a       123     0     5     1    23
 -9.6737479730906750E-01 a       124     0     5     1    24
  7.0301563598225203E-02 a       125     0     5     1    25
  5.9284950522469526E-01 a       126     0     6     1     1
 -3.1371973325628981E+00 a       127     0     6     1     2
  2.2239680244070188E+00 a       128     0     6     1     3
  1.7619194344093365E+00 a       129     0     6     1     4
  1.0938091175801898E+00 a       130     0     6     1     5
  6.2133442181499743E-01 a       131     0     6     1     6
 -1.2679665614064489E-01 a       132     0     6     1     7
  5.9047770511659503E-01 a       133     0     6     1     8
  3.2848715342915219E-01 a       134     0     6     1     9
 -4.4235414953495944E+00 a       135     0     6     1    10
  3.7754621285045555E+00 a       136     0     6     1    11
  2.3571111374887237E+00 a       137     0     6     1    12
 -7.2652206889158466E-01 a       138     0     6     1    13
 -6.8834042435365383E-01 a       139     0     6     1    14
 -1.8812526705103241E+00 a       140     0     6     1    15
  8.3111564729266130E-01 a       141     0     6     1    16
 -1.4427037907164817E+00 a       142     0     6     1    17
 -9.3584183935737042E-01 a       143     0     6     1    18
 -1.0275493824601996E+00 a       144     0     6     1    19
 -1.3101975423555623E-01 a       145     0     6     1    20
  1.7863252709326787E+00 a       146     0     6     1    21
 -1.5916732752740794E+00 a       147     0     6     1    22
 -1.4188845213951831E+00 a       148     0     6     1    23
 -1.2169026755801118E+00 a       149     0     6     1    24
 -5.8581416587459489E-01 a       150     0     6     1    25
  1.7042811959152077E-01 a       151     0     7     1     1
 -1.0750375701691981E+00 a       152     0     7     1     2
 -5.0053524672209242E-02 a       153     0     7     1     3
  2.2088537663864527E-01 a       154     0     7     1     4
  1.1592069209321794E-01 a       155     0     7     1     5
  3.1940132072460909E+00 a       156     0     7     1     6
 -7.3664181443179033E-01 a       157     0     7     1     7
 -5.3470902492226302E-01 a       158     0     7     1     8
  4.4981869429664245E-01 a       159     0     7     1     9
 -4.2580134650178696E+00 a       160     0     7     1    10
  3.4383091817056882E-01 a       161     0     7     1    11
 -3.1027187527922151E+00 a       162     0     7     1    12
  1.7644608305724250E+00 a       163     0     7     1    13
  2.3859553780843265E-01 a       164     0     7     1    14
 -3.0005643859150477E+00 a       165     0     7     1    15
  1.4711210177343885E+00 a       166     0     7     1    16
 -1.7745916970047626E+00 a       167     0     7     1    17
 -8.9370341481767990E-01 a       168     0     7     1    18
 -7.2842528525545103E-01 a       169     0     7     1    19
 -6.9819565615054324E-01 a       170     0     7     1    20
 -3.1490952239891934E+00 a       171     0     7     1    21
  3.9980332640860743E+00 a       172     0     7     1    22
  2.6220243146034696E+00 a       173     0     7     1    23
 -9.8414845354212444E-01 a       174     0     7     1    24
  3.3014183863806137E+00 a       175     0     7     1    25
  1.5457237901448015E+00 a       176     0     8     1     1
  2.9364334641976835E+00 a       177     0     8     1     2
  2.1027120254345522E+00 a       178     0     8     1     3
 -2.2247974267265538E+00 a       179     0     8     1     4
  1.4723889003517288E+00 a       180     0     8     1     5
 -1.0343869793662183E-01 a       181     0     8     1     6
  1.6797004161102544E-01 a       182     0     8     1     7
 -1.4230048850815622E+00 a       183     0     8     1     8
  1.5992582505945190E+00 a       184     0     8     1     9
  2.3654608107672526E+00 a       185     0     8     1    10
  1.7163507701394047E+00 a       186     0     8     1    11
 -2.5359049046268239E-01 a       187     0     8     1    12
 -8.0204937055736525E-01 a       188     0     8     1    13
  2.3078479283830591E+00 a       189     0     8     1    14
  4.2472903925165015E+00 a       190     0     8     1    15
  1.5208866169293700E+00 a       191     0     8     1    16
 -1.3861972309955339E+00 a       192     0     8     1    17
  1.3546897940052971E+00 a       193     0     8     1    18
  6.3191641701621508E+00 a       194     0     8     1    19
 -4.6740905754220008E-01 a       195     0     8     1    20
 -1.8201853424116656E+00 a       196     0     8     1    21
  2.4845338028426616E+00 a       197     0     8     1    22
  3.2401720148704629E+00 a       198     0     8     1    23
 -1.1928124978650756E+00 a       199     0     8     1    24
  2.1600340836682594E+00 a       200     0     8     1    25
 -1.7893556892684881E+00 a       201     0     9     1     1
  5.2587216759666189E-01 a       202     0     9     1     2
 -2.6066856539170402E-01 a       203     0     9     1     3
 -1.3582979772889150E+00 a       204     0     9     1     4
  5.8696690273065488E-01 a       205     0     9     1     5
 -7.4593128307284073E-01 a       206     0     9     1     6
  1.6036102677983617E+00 a       207     0     9     1     7
  9.5653124137447476E-01 a       208     0     9     1     8
  2.2936613403059591E-02 a       209     0     9     1     9
  6.5005435625124641E-01 a       210     0     9     1    10
 -2.4491978741114495E-01 a       211     0     9     1    11
 -2.3409929479198444E+00 a       212     0     9     1    12
  1.0815628256052741E+00 a       213     0     9     1    13
 -5.3248862699817956E-01 a       214     0     9     1    14
 -2.0827416675611681E+00 a       215     0     9     1    15
 -4.0767921349816061E-01 a       216     0     9     1    16
 -9.4187388792951154E-01 a       217     0     9     1    17
 -4.2616673823309075E+00 a       218     0     9     1    18
 -2.9558163156166501E+00 a       219     0     9     1    19
  1.3433659122468626E+00 a       220     0     9     1    20
  1.1834595859630033E+00 a       221     0     9     1    21
 -1.7126496118531245E+00 a       222     0     9     1    22
  1.7680840599313623E+00 a       223     0     9     1    23
  1.4963058187201945E+00 a       224     0     9     1    24
 -1.1615876450113651E+00 a       225     0     9     1    25
 -3.0551165530516027E+00 a       226     0    10     1     1
 -2.5792328339735815E-01 a       227     0    10     1     2
 -1.8650956621501056E+00 a       228     0    10     1     3
  7.6534771291746417E-01 a       229     0    10     1     4
 -7.0322848637113911E-01 a       230     0    10     1     5
 -2.0666462389254017E+00 a       231     0    10     1     6
  6.1004115497261084E-02 a       232     0    10     1     7
  2.7055914353438726E+00 a       233     0    10     1     8
 -2.9947981919135298E+00 a       234     0    10     1     9
  9.5704214828142467E-02 a       235     0    10     1    10
 -2.8426117534069006E+00 a       236     0    10     1    11
  3.3155965349693312E-01 a       237     0    10     1    12
 -3.5546888593381532E-01 a       238     0    10     1    13
  3.4961851078062609E+00 a       239     0    10     1    14
  2.3431689392524482E+00 a       240     0    10     1    15
 -6.7077700908859605E-01 a       241     0    10     1    16
  4.9646848614063638E-01 a       242     0    10     1    17
 -6.2626471028019648E-01 a       243     0    10     1    18
 -3.6794707715748216E+00 a       244     0    10     1    19
  1.3530002808776460E+00 a       245     0    10     1    20
  2.1312503909270362E+00 a       246     0    10     1    21
 -2.2730281792711171E+00 a       247     0    10     1    22
 -2.0422555979395920E+00 a       248     0    10     1    23
  1.9547241489026357E+00 a       249     0    10     1    24
 -3.4299928880148109E+00 a       250     0    10     1    25
 -3.2523685731027624E-01 a       251     0    11     1     1
 -3.5492412259939314E+00 a       252     0    11     1     2
  1.4404012372974191E+00 a       253     0    11     1     3
  1.4063752711471862E+00 a       254     0    11     1     4
  7.4078552178856483E-01 a       255     0    11     1     5
  1.5455314574642947E+00 a       256     0    11     1     6
 -1.5597119177497920E+00 a       257     0    11     1     7
 -1.8465551357356542E+00 a       258     0    11     1     8
 -9.5072200125096173E-01 a       259     0    11     1     9
  7.2492488074135497E-01 a       260     0    11     1    10
 -4.7944643132315035E-01 a       261     0    11     1    11
  9.2761611623122719E-01 a       262     0    11     1    12
 -1.1130583745921596E+00 a       263     0    11     1    13
  2.3415235699449588E+00 a       264     0    11     1    14
  4.1718826521272927E+00 a       265     0    11     1    15
 -3.2796898879492958E-01 a       266     0    11     1    16
  1.1775982860878307E+00 a       267     0    11     1    17
  1.1837255304344041E+00 a       268     0    11     1    18
  2.0954893852952270E+00 a       269     0    11     1    19
  5.6432083549975443E-01 a       270     0    11     1    20
  1.8052130172251202E+00 a       271     0    11     1    21
  1.7028281655380990E+00 a       272     0    11     1    22
 -2.0527459831898232E+00 a       273     0    11     1    23
  1.4447104382154659E+00 a       274     0    11     1    24
 -1.4741720274207490E-01 a       275     0    11     1    25
  2.3986204191302454E+00 a       276     0    12     1     1
  2.3445112025596990E-01 a       277     0    12     1     2
  6.8344449445638722E-02 a       278     0    12     1     3
 -2.8747357332370940E+00 a       279     0    12     1     4
  3.1593974875812186E-01 a       280     0    12     1     5
  1.3351452592022648E+00 a       281     0    12     1     6
  9.5634122460768789E-01 a       282     0    12     1     7
 -1.0513684018459051E+00 a       283     0    12     1     8
  1.6990859403578101E-01 a       284     0    12     1     9
  9.8287639614809533E-02 a       285     0    12     1    10
 -3.4241925018531655E-02 a       286     0    12     1    11
  9.5226795702167855E-01 a       287     0    12     1    12
  5.3861455065056507E-01 a       288     0    12     1    13
 -2.4767198280372926E+00 a       289     0    12     1    14
 -1.2542554496777352E+00 a       290     0    12     1    15
 -9.6039051527050251E-02 a       291     0    12     1    16
 -1.0099562088562888E-01 a       292     0    12     1    17
  6.8683126222122326E-01 a       293     0    12     1    18
 -4.2927919357353617E-01 a       294     0    12     1    19
 -1.8579201482278220E+00 a       295     0    12     1    20
 -4.4386237189079392E-01 a       296     0    12     1    21
  1.1797986789088726E+00 a       297     0    12     1    22
  2.2000205643329864E+00 a       298     0    12     1    23
  3.3201289985157179E-01 a       299     0    12     1    24
  3.0770726423168444E+00 a       300     0    12     1    25
 -1.6707371812543595E-01 a       301     0    13     1     1
  1.0873390377408341E+00 a       302     0    13     1     2
  5.6074583050743218E-03 a       303     0    13     1     3
 -1.7473623218520755E+00 a       304     0    13     1     4
 -8.8946079807472023E-01 a       305     0    13     1     5
 -2.0214520867271868E+00 a       306     0    13     1     6
 -5.7784479801742183E-01 a       307     0    13     1     7
  1.6822411329849025E+00 a       308     0    13     1     8
  1.0181948660722252E-01 a       309     0    13     1     9
 -9.4152712808649219E-01 a       310     0    13     1    10
  1.7392058343137684E+00 a       311     0    13     1    11
  9.1131620957387383E-01 a       312     0    13     1    12
 -2.4432479087293493E-01 a       313     0    13     1    13
  3.3064017738008988E-01 a       314     0    13     1    14
 -3.3305548673732610E+00 a       315     0    13     1    15
 -1.6447816538910801E-01 a       316     0    13     1    16
 -1.9190362481518091E+00 a       317     0    13     1    17
  5.7084971208445612E-01 a       318     0    13     1    18
 -2.6044497883114226E-01 a       319     0    13     1    19
 -2.3687004375031864E-01 a       320     0    13     1    20
 -1.4551442315143721E+00 a       321     0    13     1    21
  7.1103732776828976E-01 a       322     0    13     1    22
  1.1458480070650925E+00 a       323     0    13     1    23
 -7.1590145507365455E-01 a       324     0    13     1    24
 -3.1709296128188547E-01 a       325     0    13     1    25
 -2.9094643772301199E+00 a       326     0    14     1     1
  2.1403948582814656E+00 a       327     0    14     1     2
  1.3096032431653197E+00 a       328     0    14     1     3
  5.6658092661318216E-02 a       329     0    14     1     4
 -8.6903674364110017E-01 a       330     0    14     1     5
 -2.3079821006996890E+00 a       331     0    14     1     6
 -2.9010900959813908E+00 a       332     0    14     1     7
  4.6631828344049291E+00 a       333     0    14     1     8
  4.8965709140311503E-01 a       334     0    14     1     9
 -1.5683633929700969E+00 a       335     0    14     1    10
  1.4489855204384816E+00 a       336     0    14     1    11
 -1.3484973919750587E+00 a       337     0    14     1    12
 -8.4868825047435437E-01 a       338     0    14     1    13
  2.2029491522970042E+00 a       339     0    14     1    14
 -5.9113317537392751E-01 a       340     0    14     1    15
  2.2784253849382166E-01 a       341     0    14     1    16
 -2.4606815353109730E+00 a       342     0    14     1    17
 -6.7024002112508219E-01 a       343     0    14     1    18
 -3.8723536686101251E-01 a       344     0    14     1    19
  2.3615907847928580E-01 a       345     0    14     1    20
  5.6873920419536053E-02 a       346     0    14     1    21
  2.3929460066683594E+00 a       347     0    14     1    22
  1.1311607184124335E+00 a       348     0    14     1    23
 -4.1938554971641662E-01 a       349     0    14     1    24
 -3.5574725761575614E+00 a       350     0    14     1    25
  1.2647426951598386E+00 a       351     0    15     1     1
  2.7253348047762249E-01 a       352     0    15     1     2
 -4.1504817478682343E-01 a       353     0    15     1     3
  1.1667158870582583E+00 a       354     0    15     1     4
  1.8794166908229017E+00 a       355     0    15     1     5
  9.9004165514820075E-01 a       356     0    15     1     6
 -3.5984079890808873E-01 a       357     0    15     1     7
  2.9753321613054573E-01 a       358     0    15     1     8
  1.2150584181667845E+00 a       359     0    15     1     9
 -4.9704039947547429E-01 a       360     0    15     1    10
 -6.5536905047826988E-01 a       361     0    15     1    11
 -7.1698358279633490E-01 a       362     0    15     1    12
 -1.1494092390195458E+00 a       363     0    15     1    13
  7.6565720545795624E-01 a       364     0    15     1    14
 -2.1240181201768610E-01 a       365     0    15     1    15
 -2.8697745584763434E-01 a       366     0    15     1    16
  3.5279841457289900E-02 a       367     0    15     1    17
 -5.8831447746447896E-01 a       368     0    15     1    18
  5.0895624348124979E-01 a       369     0    15     1    19
  2.2453607553108240E-01 a       370     0    15     1    20
  1.0765230013567677E+00 a       371     0    15     1    21
  1.2479887835460892E+00 a       372     0    15     1    22
  1.0039492673838621E+00 a       373     0    15     1    23
 -1.4343739874449664E+00 a       374     0    15     1    24
  5.8616313499759465E-01 a       375     0    15     1    25
  9.1107822460718330E-02 a       376     0    16     1     1
  4.0374508568332579E-01 a       377     0    16     1     2
 -2.2218281103181040E-01 a       378     0    16     1     3
 -1.7238778615401051E-01 a       379     0    16     1     4
 -5.0799262594248862E-01 a       380     0    16     1     5
  8.8976249131545027E-01 a       381     0    16     1     6
  7.9191916339309454E-01 a       382     0    16     1     7
 -1.5258024807129733E-01 a       383     0    16     1     8
  1.7443452522255942E-01 a       384     0    16     1     9
  1.1509137846000643E+00 a       385     0    16     1    10
 -1.7618609613800296E-01 a       386     0    16     1    11
  6.5477151748269868E-01 a       387     0    16     1    12
  7.7235260341346390E-01 a       388     0    16     1    13
 -7.4829399890076462E-02 a       389     0    16     1    14
  1.5611961168786764E-01 a       390     0    16     1    15
 -1.2489815114949608E-01 a       391     0    16     1    16
  5.0390423309396737E-01 a       392     0    16     1    17
 -2.1164087016233610E-01 a       393     0    16     1    18
  2.2278465376307210E-01 a       394     0    16     1    19
 -4.9706636911356183E-01 a       395     0    16     1    20
 -2.2990053876714014E-02 a       396     0    16     1    21
 -3.5844834871199199E-01 a       397     0    16     1    22
 -2.3832005784714275E-01 a       398     0    16     1    23
  6.4254356773910815E-01 a       399     0    16     1    24
  7.3694051925170956E-01 a       400     0    16     1    25
  1.6327901991459925E-01 a       401     0    17     1     1
 -5.6632831911364478E-01 a       402     0    17     1     2
 -8.0433815757949489E-01 a       403     0    17     1     3
 -5.4745332164478744E-01 a       404     0    17     1     4
  4.7349288738624329E-01 a       405     0    17     1     5
 -1.2537103866311167E-01 a       406     0    17     1     6
 -1.6250636388363162E+00 a       407     0    17     1     7
  9.6011596292627488E-01 a       408     0    17     1     8
  6.9994901517276209E-01 a       409     0    17     1     9
  1.6616367034771370E-01 a       410     0    17     1    10
  1.5423761174175646E-01 a       411     0    17     1    11
 -1.3781487128199324E-01 a       412     0    17     1    12
 -6.9527407551291098E-01 a       413     0    17     1    13
 -4.1817457659756530E+00 a       414     0    17     1    14
 -6.7042915422769689E-01 a       415     0    17     1    15
 -2.0776114178954441E+00 a       416     0    17     1    16
 -4.2441981223540021E-01 a       417     0    17     1    17
 -3.8499824803843591E-01 a       418     0    17     1    18
 -6.4280322936179668E-01 a       419     0    17     1    19
  6.8794156345632895E-01 a       420     0    17     1    20
 -3.2449290353673388E+00 a       421     0    17     1    21
  2.2437390986473207E+00 a       422     0    17     1    22
 -1.4005338946474677E+00 a       423     0    17     1    23
  3.3980661288141520E-02 a       424     0    17     1    24
 -1.6549979085914182E+00 a       425     0    17     1    25
 -1.8025312093627248E+00 a       426     0    18     1     1
 -2.8380877840101899E+00 a       427     0    18     1     2
  1.7026950137408394E+00 a       428     0    18     1     3
 -2.9571742876498348E+00 a       429     0    18     1     4
  2.4528330550189494E+00 a       430     0    18     1     5
 -1.0204171204910411E+00 a       431     0    18     1     6
  1.4958572898983130E-01 a       432     0    18     1     7
 -2.9948742752075813E-01 a       433     0    18     1     8
 -1.6160948718538781E+00 a       434     0    18     1     9
 -8.2356328246448367E+00 a       435     0    18     1    10
  1.2692886811276134E+00 a       436     0    18     1    11
 -3.4497728072647789E+00 a       437     0    18     1    12
 -1.1446428924356402E+00 a       438     0    18     1    13
 -1.5601881887643996E+00 a       439     0    18     1    14
 -1.9544942778216951E-03 a       440     0    18     1    15
  1.5156538150782128E+00 a       441     0    18     1    16
 -3.8800600787186661E+00 a       442     0    18     1    17
 -1.7752588347654616E+00 a       443     0    18     1    18
  7.0680064352392713E-01 a       444     0    18     1    19
  2.2609216669180685E+00 a       445     0    18     1    20
 -1.5186175229041774E+00 a       446     0    18     1    21
  4.2802562866552285E-01 a       447     0    18     1    22
  2.4504258345117250E-01 a       448     0    18     1    23
 -7.2018972365239864E-01 a       449     0    18     1    24
 -6.8092203733284351E-01 a       450     0    18     1    25
  3.7299404198016101E-01 a       451     0    19     1     1
  1.4642450803422680E+00 a       452     0    19     1     2
  2.4628642713664002E+00 a       453     0    19     1     3
  1.2890736983378857E+00 a       454     0    19     1     4
  2.4174136786567031E+00 a       455     0    19     1     5
 -1.5535478680026094E+00 a       456     0    19     1     6
  1.2126644663808654E+00 a       457     0    19     1     7
 -8.3188584510656782E-01 a       458     0    19     1     8
  5.3090365280353258E-01 a       459     0    19     1     9
 -1.5380435843101758E+00 a       460     0    19     1    10
  1.0293810023302461E+00 a       461     0    19     1    11
  1.4622941197733326E+00 a       462     0    19     1    12
 -2.1606284667903237E+00 a       463     0    19     1    13
 -2.3176774790012158E-01 a       464     0    19     1    14
 -4.6875873353977909E-01 a       465     0    19     1    15
  1.7059939469784355E-01 a       466     0    19     1    16
  9.7106616932143189E-02 a       467     0    19     1    17
  3.9954944503780326E-01 a       468     0    19     1    18
  1.8763836155940663E+00 a       469     0    19     1    19
 -2.0010337900766295E+00 a       470     0    19     1    20
  5.2475672614578395E-01 a       471     0    19     1    21
 -1.1998602545652368E+00 a       472     0    19     1    22
  4.0163564958904774E-01 a       473     0    19     1    23
 -2.5792406619360109E+00 a       474     0    19     1    24
 -1.1700514980245601E-01 a       475     0    19     1    25
  5.3894353292048214E+00 a       476     0    20     1     1
  1.9888962203986884E+00 a       477     0    20     1     2
 -5.0548211483871244E+00 a       478     0    20     1     3
 -5.7418620150855593E-01 a       479     0    20     1     4
 -2.5377405862642224E+00 a       480     0    20     1     5
 -1.3116511510563638E+00 a       481     0    20     1     6
 -3.4736683311935823E+00 a       482     0    20     1     7
  1.0655393407021372E+00 a       483     0    20     1     8
 -2.4330446344996539E+00 a       484     0    20     1     9
  6.8713212509963792E+00 a       485     0    20     1    10
  2.5831715553506513E-02 a       486     0    20     1    11
 -1.6604200166192109E+00 a       487     0    20     1    12
  2.6461415019611332E+00 a       488     0    20     1    13
  3.3070467014884777E+00 a       489     0    20     1    14
  1.1332619674140454E+00 a       490     0    20     1    15
 -1.6289146839265292E+00 a       491     0    20     1    16
  2.5747455411566027E+00 a       492     0    20     1    17
  2.1872110219216796E+00 a       493     0    20     1    18
 -1.8329167141578697E+00 a       494     0    20     1    19
 -3.6810996757078862E+00 a       495     0    20     1    20
  7.7064298967654510E-01 a       496     0    20     1    21
 -4.5868924095365067E+00 a       497     0    20     1    22
  3.1699474978263393E+00 a       498     0    20     1    23
  2.1018064220836998E+00 a       499     0    20     1    24
  2.1252563766660135E-01 a       500     0    20     1    25
 -9.8395121953160924E-01 a       501     0    21     1     1
 -2.5086547669047157E+00 a       502     0    21     1     2
 -2.8046937716440885E+00 a       503     0    21     1     3
  3.0593487770891685E+00 a       504     0    21     1     4
  5.3884499490572511E+00 a       505     0    21     1     5
 -2.3375509463325788E+00 a       506     0    21     1     6
 -3.5375165880841997E+00 a       507     0    21     1     7
 -3.7917326006352003E+00 a       508     0    21     1     8
  3.2091033631648802E+00 a       509     0    21     1     9
  3.7741714854805899E+00 a       510     0    21     1    10
  1.5287510492116070E+00 a       511     0    21     1    11
  8.2397508977131231E-02 a       512     0    21     1    12
 -6.2495251151284661E+00 a       513     0    21     1    13
 -4.3859985817907239E+00 a       514     0    21     1    14
  3.2633635864056845E+00 a       515     0    21     1    15
 -3.7487198048051185E+00 a       516     0    21     1    16
  3.6520940213349740E-01 a       517     0    21     1    17
 -5.6080806416351947E-01 a       518     0    21     1    18
  1.2109016918458078E+00 a       519     0    21     1    19
 -5.0171560453496766E-01 a       520     0    21     1    20
 -4.4936484706202782E+00 a       521     0    21     1    21
  7.4444688369540424E-01 a       522     0    21     1    22
 -1.5100966565602258E+00 a       523     0    21     1    23
  8.9624287133134595E-01 a       524     0    21     1    24
 -1.9382922452602822E+00 a       525     0    21     1    25
  1.7565744031331703E+00 a       526     0    22     1     1
  3.2080216148567651E+00 a       527     0    22     1     2
 -2.8945074977203453E+00 a       528     0    22     1     3
 -1.5265797442046336E+00 a       529     0    22     1     4
 -2.6055648612059334E+00 a       530     0    22     1     5
  1.4978792173631170E+00 a       531     0    22     1     6
 -4.4711597183822960E-01 a       532     0    22     1     7
  3.6169668499015182E+00 a       533     0    22     1     8
 -1.7258471975164809E+00 a       534     0    22     1     9
 -3.8563422095971561E-01 a       535     0    22     1    10
 -1.3610343460054510E+00 a       536     0    22     1    11
  9.0304982580867443E-01 a       537     0    22     1    12
  1.7299737851710368E+00 a       538     0    22     1    13
  1.1269783950968020E+00 a       539     0    22     1    14
 -3.7448532985138501E+00 a       540     0    22     1    15
  9.3711936510952920E-01 a       541     0    22     1    16
  2.0360155972140261E+00 a       542     0    22     1    17
 -2.9568807396729113E-01 a       543     0    22     1    18
 -1.5185311281068565E+00 a       544     0    22     1    19
 -2.0331946995627939E+00 a       545     0    22     1    20
  6.1744080513191524E-01 a       546     0    22     1    21
 -2.4541149221103544E+00 a       547     0    22     1    22
 -1.3502927038752668E+00 a       548     0    22     1    23
  1.1949847026751430E+00 a       549     0    22     1    24
 -3.1987736674269757E-01 a       550     0    22     1    25
 -3.3418332679289636E-01 a       551     0    23     1     1
 -1.0402128976613327E+00 a       552     0    23     1     2
  7.5436580901947607E+00 a       553     0    23     1     3
  4.1899075642849297E+00 a       554     0    23     1     4
 -5.5809567976831529E+00 a       555     0    23     1     5
  6.4782026124355774E+00 a       556     0    23     1     6
  1.5727145416329111E+00 a       557     0    23     1     7
 -1.9978658829052914E-01 a       558     0    23     1     8
  4.8668458997322989E-01 a       559     0    23     1     9
 -2.4751682621903792E+00 a       560     0    23     1    10
 -4.2243476827141464E+00 a       561     0    23     1    11
  1.2858963087143058E+00 a       562     0    23     1    12
  5.8993924578716497E+00 a       563     0    23     1    13
 -7.6460836565499046E-01 a       564     0    23     1    14
  5.8224914738788502E-01 a       565     0    23     1    15
  6.2311931997688719E-01 a       566     0    23     1    16
  5.2704695243526933E-01 a       567     0    23     1    17
 -2.2686185604484042E+00 a       568     0    23     1    18
  1.6125840537955076E+00 a       569     0    23     1    19
  5.1500064674167945E+00 a       570     0    23     1    20
  6.6474797554499672E+00 a       571     0    23     1    21
  3.6400674384472181E-01 a       572     0    23     1    22
 -4.4303513057700847E+00 a       573     0    23     1    23
 -2.4555295230722050E+00 a       574     0    23     1    24
  1.0144618480376291E+00 a       575     0    23     1    25
 -2.0211243049474234E-01 a       576     0    24     1     1
  9.4126294599368809E-01 a       577     0    24     1     2
 -1.8191226661296118E+00 a       578     0    24     1     3
 -1.8762583013212315E+00 a       579     0    24     1     4
 -1.5935659286276707E+00 a       580     0    24     1     5
  1.6698180089932790E+00 a       581     0    24     1     6
  2.5315316290874530E+00 a       582     0    24     1     7
  1.2986363608894109E+00 a       583     0    24     1     8
  2.5631615994399590E+00 a       584     0    24     1     9
  4.0266935478839088E+00 a       585     0    24     1    10
 -1.1447712249853641E+00 a       586     0    24     1    11
  3.4664435449004687E+00 a       587     0    24     1    12
  1.3082675722541754E+00 a       588     0    24     1    13
 -9.6274646397827046E-01 a       589     0    24     1    14
  1.6613289275178473E+00 a       590     0    24     1    15
 -4.8937570249903167E-01 a       591     0    24     1    16
  9.6569572361005707E-01 a       592     0    24     1    17
  6.8284157109912813E-01 a       593     0    24     1    18
 -1.1937544586590254E+00 a       594     0    24     1    19
  1.9724324580316652E+00 a       595     0    24     1    20
 -5.1780356579539821E-01 a       596     0    24     1    21
  4.6371061260352651E+00 a       597     0    24     1    22
  1.3686449957169986E+00 a       598     0    24     1    23
 -1.0142935925791192E+00 a       599     0    24     1    24
  8.9092349631370393E-01 a       600     0    24     1    25
  2.0926131284873515E+00 a       601     0    25     1     1
 -2.3125339919809105E+00 a       602     0    25     1     2
  2.0988551713080379E+00 a       603     0    25     1     3
  9.7591332305178569E-01 a       604     0    25     1     4
 -1.8946706212551092E+00 a       605     0    25     1     5
  1.9417524694112922E+00 a       606     0    25     1     6
  2.3922811683028273E+00 a       607     0    25     1     7
  2.5145767439676475E-01 a       608     0    25     1     8
 -1.1341896757410883E+00 a       609     0    25     1     9
 -1.4600647296039375E+00 a       610     0    25     1    10
 -8.0194890539290586E-01 a       611     0    25     1    11
 -5.3667171870357580E+00 a       612     0    25     1    12
  3.6006742821388267E+00 a       613     0    25     1    13
  3.0332062226989440E+00 a       614     0    25     1    14
  6.2914625972816296E-01 a       615     0    25     1    15
  3.6145074233122068E+00 a       616     0    25     1    16
 -8.8688284400193274E-01 a       617     0    25     1    17
 -1.6162304690268554E+00 a       618     0    25     1    18
 -4.9471826296782867E-01 a       619     0    25     1    19
  2.3400508761911385E+00 a       620     0    25     1    20
  2.4985118566461644E+00 a       621     0    25     1    21
 -2.0422725768637457E+00 a       622     0    25     1    22
 -3.5867916386804571E-01 a       623     0    25     1    23
 -2.8008374655679042E+00 a       624     0    25     1    24
 -3.8806623929086609E-01 a       625     0    25     1    25
 -3.4454594443626858E+00 a       626     0    26     1     1
  8.3127251094675225E-01 a       627     0    26     1     2
 -6.9436539860766600E-01 a       628     0    26     1     3
 -1.2751050027745834E+00 a       629     0    26     1     4
  4.8956175625644152E+00 a       630     0    26     1     5
 -4.0975628858074158E+00 a       631     0    26     1     6
  9.8395933760538221E-02 a       632     0    26     1     7
 -5.0049654737480189E+00 a       633     0    26     1     8
  3.1245132209268838E+00 a       634     0    26     1     9
 -8.5520594948613449E-01 a       635     0    26     1    10
  3.1591367336325904E+00 a       636     0    26     1    11
  1.2784785815827380E+00 a       637     0    26     1    12
 -4.0488024749563927E+00 a       638     0    26     1    13
  2.1928433124064961E+00 a       639     0    26     1    14
 -2.5322811509444181E+00 a       640     0    26     1    15
  1.7761551908054098E+00 a       641     0    26     1    16
  2.0974578713974852E+00 a       642     0    26     1    17
  5.7306283207953630E+00 a       643     0    26     1    18
  4.0087821800810532E+00 a       644     0    26     1    19
 -4.4008233047870995E+00 a       645     0    26     1    20
 -3.3627132288614865E+00 a       646     0    26     1    21
 -3.1802400406856766E+00 a       647     0    26     1    22
  1.7309778802122580E+00 a       648     0    26     1    23
  2.2456564312355551E+00 a       649     0    26     1    24
  1.7701715505982014E+00 a       650     0    26     1    25
  4.6789716957259070E-01 a       651     0    27     1     1
 -4.6857371243269380E-01 a       652     0    27     1     2
 -5.0493508248943353E-01 a       653     0    27     1     3
 -7.7018645116279916E-01 a       654     0    27     1     4
  2.2411360938661626E-01 a       655     0    27     1     5
 -9.2038162188402506E-01 a       656     0    27     1     6
 -4.4487012680229809E-01 a       657     0    27     1     7
 -3.5021472089328365E-01 a       658     0    27     1     8
 -1.8923039563313881E+00 a       659     0    27     1     9
 -9.5880606962455917E-01 a       660     0    27     1    10
 -1.3501605683561888E-01 a       661     0    27     1    11
 -3.5622525406481288E-02 a       662     0    27     1    12
  7.0083844070293833E-01 a       663     0    27     1    13
 -1.9629231767591360E+00 a       664     0    27     1    14
  7.9427739912243378E-01 a       665     0    27     1    15
 -7.2782856320377254E-01 a       666     0    27     1    16
  9.0921130254929494E-01 a       667     0    27     1    17
 -4.4294544482011067E-01 a       668     0    27     1    18
  8.2056149825850677E-01 a       669     0    27     1    19
  1.3770007670266959E+00 a       670     0    27     1    20
 -2.2675588401257057E-01 a       671     0    27     1    21
 -9.0188408011242838E-01 a       672     0    27     1    22
 -2.1304599612435585E-01 a       673     0    27     1    23
 -8.7272673342805851E-01 a       674     0    27     1    24
 -2.2762222693347969E+00 a       675     0    27     1    25
  1.2594444445338723E-01 b       676     1     1
  3.9187608042749039E-02 b       677     1     2
  1.8023040453048467E-01 b       678     1     3
  2.6650759846380878E-01 b       679     1     4
 -9.2969948419582268E-02 b       680     1     5
  3.9512058479958645E-02 b       681     1     6
 -7.5595148473490956E-02 b       682     1     7
 -7.5236431557804559E-02 b       683     1     8
  7.8774272136473658E-02 b       684     1     9
 -1.4094522749358485E-01 b       685     1    10
  1.3845254779071706E-01 b       686     1    11
 -7.7263423645924770E-02 b       687     1    12
  1.6864530468533531E-02 b       688     1    13
 -1.9844934222985933E-01 b       689     1    14
  6.1399704267254884E-02 b       690     1    15
  1.1802567178926446E-01 b       691     1    16
  1.8470870724230987E-01 b       692     1    17
 -5.9737725519994150E-02 b       693     1    18
 -6.9942373336119495E-02 b       694     1    19
  9.0987624187782473E-02 b       695     1    20
  7.2194464000680331E-02 b       696     1    21
 -1.7218086454723994E-01 b       697     1    22
 -1.3103201357991756E-01 b       698     1    23
 -3.0437599183308128E-02 b       699     1    24
 -4.4739304559609977E-02 b       700     1    25
 -2.0383709568203715E-03 a       701     1     1     2     1
 -6.6600062276231373E-02 a       702     1     1     2     2
  1.0286437859346955E+00 a       703     1     1     2     3
 -1.5011157568843068E+00 a       704     1     1     2     4
 -1.1391316048561464E+00 a       705     1     1     2     5
 -9.9417963994037711E-02 a       706     1     1     2     6
  1.0213103444429779E-01 a       707     1     1     2     7
 -1.2923071255935781E+00 a       708     1     1     2     8
  1.4033565391966647E+00 a       709     1     1     2     9
  8.0280140378516229E-01 a       710     1     1     2    10
 -5.7103194078315378E-01 a       711     1     1     2    11
  1.3891802392488357E+00 a       712     1     1     2    12
  1.3569281822933443E+00 a       713     1     1     2    13
  3.4349661125509595E-01 a       714     1     1     2    14
  2.1774163046937561E-01 a       715     1     1     2    15
 -7.0481047200138869E-01 a       716     1     1     2    16
 -6.4286586193196138E-01 a       717     1     1     2    17
  1.4903939052987814E+00 a       718     1     1     2    18
 -1.0472213833451764E+00 a       719     1     1     2    19
 -1.4875407869868045E+00 a       720     1     1     2    20
  2.7532314451868083E+00 a       721     1     1     2    21
  3.3514481917900119E-01 a       722     1     1     2    22
  3.6882824450903628E-01 a       723     1     1     2    23
  1.4891861142948963E+00 a       724     1     1     2    24
 -4.0331096103025821E-02 a       725     1     1     2    25
  1.8925774981633847E+00 a       726     1     2     2     1
 -6.0985075365903618E-01 a       727     1     2     2     2
  3.6126505084442578E-01 a       728     1     2     2     3
 -1.8626774500285490E+00 a       729     1     2     2     4
 -7.8245919800385644E-01 a       730     1     2     2     5
  5.2747363814724701E-01 a       731     1     2     2     6
 -2.1159646417956909E-01 a       732     1     2     2     7
 -2.8716354318797901E+00 a       733     1     2     2     8
 -8.5309852352297988E-01 a       734     1     2     2     9
 -4.6376368587411487E-01 a       735     1     2     2    10
 -2.8058268549501031E-01 a       736     1     2     2    11
 -5.2699765691894174E-01 a       737     1     2     2    12
 -4.9562851804231012E-01 a       738     1     2     2    13
 -6.9236479689036867E-01 a       739     1     2     2    14
  1.3904690213984461E-01 a       740     1     2     2    15
 -2.1277532472012353E+00 a       741     1     2     2    16
 -2.1701455642321135E-01 a       742     1     2     2    17
 -8.5985623467545080E-01 a       743     1     2     2    18
 -1.2242721316230900E+00 a       744     1     2     2    19
 -8.9727464845181204E-01 a       745     1     2     2    20
  1.0108691285779015E-01 a       746     1     2     2    21
 -4.8011310156653064E-01 a       747     1     2     2    22
  4.7753515076504344E-01 a       748     1     2     2    23
  2.7404137016962844E+00 a       749     1     2     2    24
 -4.1927455042836664E-01 a       750     1     2     2    25
  5.3850122877001638E-01 a       751     1     3     2     1
 -3.9660898039012105E-01 a       752     1     3     2     2
  4.9407978694387589E-01 a       753     1     3     2     3
 -6.2443943252139276E-02 a       754     1     3     2     4
  9.4968059744843980E-01 a       755     1     3     2     5
 -1.3481884195592737E+00 a       756     1     3     2     6
 -1.2850039385115501E+00 a       757     1     3     2     7
 -2.5914403564102367E-01 a       758     1     3     2     8
  1.2946923393464014E+00 a       759     1     3     2     9
 -7.2830710235102358E-01 a       760     1     3     2    10
 -1.0930253457436059E+00 a       761     1     3     2    11
  8.3833687860988115E-01 a       762     1     3     2    12
  2.1393595999624333E+00 a       763     1     3     2    13
 -1.0388232841579823E-01 a       764     1     3     2    14
 -4.2237955904173069E-01 a       765     1     3     2    15
  8.9051210656165569E-01 a       766     1     3     2    16
 -6.6708639538636080E-02 a       767     1     3     2    17
 -3.6707719511309217E-01 a       768     1     3     2    18
 -4.6145920618623576E-01 a       769     1     3     2    19
  6.5897356992756936E-02 a       770     1     3     2    20
  3.6903581005767455E-01 a       771     1     3     2    21
 -2.0980699090199524E+00 a       772     1     3     2    22
 -1.1888931004256441E-01 a       773     1     3     2    23
  2.6248899266713273E+00 a       774     1     3     2    24
  6.8630531037205134E-01 a       775     1     3     2    25
 -2.4884808557253035E+00 a       776     1     4     2     1
  1.4053185239175545E-01 a       777     1     4     2     2
  4.9100062850092230E-01 a       778     1     4     2     3
 -5.4811545212188073E-01 a       779     1     4     2     4
 -6.2629302830846695E-02 a       780     1     4     2     5
  3.6203452388148004E-02 a       781     1     4     2     6
  3.8521425241942808E-01 a       782     1     4     2     7
 -1.3170680613106396E+00 a       783     1     4     2     8
  1.2909756231704530E+00 a       784     1     4     2     9
  5.8042725626026426E-01 a       785     1     4     2    10
 -6.9279823143108399E-01 a       786     1     4     2    11
  9.6130621990349574E-01 a       787     1     4     2    12
  7.8429870270122848E-01 a       788     1     4     2    13
  6.7219463192751916E-01 a       789     1     4     2    14
  2.4194719488068467E-01 a       790     1     4     2    15
  5.9283430356241495E-01 a       791     1     4     2    16
 -1.3188888961809961E+00 a       792     1     4     2    17
  5.2064979268473044E-01 a       793     1     4     2    18
 -7.9515243984482331E-01 a       794     1     4     2    19
  1.1718111548418673E+00 a       795     1     4     2    20
  5.2552116065326948E-01 a       796     1     4     2    21
 -1.2688193531160965E+00 a       797     1     4     2    22
  5.1678370174508770E-01 a       798     1     4     2    23
 -2.4228399538929901E+00 a       799     1     4     2    24
  1.1206316571914474E+00 a       800     1     4     2    25
  4.0655486324207935E-01 a       801     1     5     2     1
  1.4955966568440393E+00 a       802     1     5     2     2
 -4.4606489713884180E-02 a       803     1     5     2     3
 -9.4061755667126334E-01 a       804     1     5     2     4
 -3.0858974403840160E-02 a       805     1     5     2     5
  3.1298549121407643E-01 a       806     1     5     2     6
  3.1865858681934367E-01 a       807     1     5     2     7
 -5.4678543443967875E-01 a       808     1     5     2     8
  1.0315836221510455E-01 a       809     1     5     2     9
  7.0077477780083808E-01 a       810     1     5     2    10
  8.8704303314154120E-01 a       811     1     5     2    11
 -8.0087741889339781E-01 a       812     1     5     2    12
 -6.1342532134093719E-01 a       813     1     5     2    13
  3.9915634085523153E-03 a       814     1     5     2    14
  2.0602229048473492E-01 a       815     1     5     2    15
 -8.4012560724062779E-01 a       816     1     5     2    16
 -9.0072777649510799E-02 a       817     1     5     2    17
 -1.1732211032284185E+00 a       818     1     5     2    18
 -4.9162990092588693E-01 a       819     1     5     2    19
 -1.0189483213807831E+00 a       820     1     5     2    20
  1.4755878557252222E-01 a       821     1     5     2    21
  4.8191987966720279E-01 a       822     1     5     2    22
  4.9473096511717107E-01 a       823     1     5     2    23
  1.3863883690300076E+00 a       824     1     5     2    24
  1.1337347951162218E+00 a       825     1     5     2    25
 -6.4792122772342597E-01 a       826     1     6     2     1
 -4.4127858875583920E-01 a       827     1     6     2     2
 -5.4814831131532005E-01 a       828     1     6     2     3
 -5.5259491872953936E-01 a       829     1     6     2     4
  1.6606777854286705E+00 a       830     1     6     2     5
 -1.9328248677501509E+00 a       831     1     6     2     6
  1.2837952135168880E+00 a       832     1     6     2     7
  1.3791023352371743E+00 a       833     1     6     2     8
 -2.4337327486600029E+00 a       834     1     6     2     9
 -2.0779595982141146E+00 a       835     1     6     2    10
  1.3587160908433171E+00 a       836     1     6     2    11
  4.9705919515896896E-01 a       837     1     6     2    12
  3.1151979796165269E-01 a       838     1     6     2    13
  9.5470132290723064E-01 a       839     1     6     2    14
  4.4690559380731315E-01 a       840     1     6     2    15
 -1.1596011648257771E+00 a       841     1     6     2    16
  1.2591303959839301E-01 a       842     1     6     2    17
 -8.2664121117261302E-01 a       843     1     6     2    18
 -9.1861284572736046E-01 a       844     1     6     2    19
 -1.4415316269264002E+00 a       845     1     6     2    20
 -5.8569714372129589E-01 a       846     1     6     2    21
 -1.6302352150351740E+00 a       847     1     6     2    22
  2.3586145829230656E+00 a       848     1     6     2    23
 -1.0227830230465820E-01 a       849     1     6     2    24
 -1.2043653005953261E+00 a       850     1     6     2    25
  1.3264431848438341E+00 a       851     1     7     2     1
  1.3684365985345666E+00 a       852     1     7     2     2
  2.0126262577784254E-01 a       853     1     7     2     3
 -4.2450969084076551E-01 a       854     1     7     2     4
 -1.0611972788454831E+00 a       855     1     7     2     5
 -1.0583202256551385E+00 a       856     1     7     2     6
 -5.9908944859829172E-01 a       857     1     7     2     7
 -3.7602608632175244E-01 a       858     1     7     2     8
 -1.2161215509611889E+00 a       859     1     7     2     9
 -6.3200598781545281E-01 a       860     1     7     2    10
 -2.5229085264282869E-01 a       861     1     7     2    11
  7.6677620139308289E-01 a       862     1     7     2    12
  1.4823893350979598E+00 a       863     1     7     2    13
  1.2102985206190591E+00 a       864     1     7     2    14
  3.6347266913535137E-01 a       865     1     7     2    15
  5.1558419034881287E-01 a       866     1     7     2    16
  9.4794443882581847E-02 a       867     1     7     2    17
 -2.2081118211259215E-01 a       868     1     7     2    18
  2.7832508664511241E-01 a       869     1     7     2    19
 -9.5695796911123776E-01 a       870     1     7     2    20
 -3.5990709579487183E-02 a       871     1     7     2    21
  3.8617107302470427E-01 a       872     1     7     2    22
  8.7441488984891846E-01 a       873     1     7     2    23
 -1.2180695598795479E+00 a       874     1     7     2    24
  2.5799323466843509E+00 a       875     1     7     2    25
 -7.5307862043705365E-01 a       876     1     8     2     1
  2.3836636813769498E+00 a       877     1     8     2     2
  2.8023995467244539E-01 a       878     1     8     2     3
  4.3311923740904196E-01 a       879     1     8     2     4
 -1.0867691227831637E+00 a       880     1     8     2     5
 -1.1584867057174630E+00 a       881     1     8     2     6
  3.9559118463945181E-01 a       882     1     8     2     7
 -5.2563317595680736E-01 a       883     1     8     2     8
  1.2790486971321107E+00 a       884     1     8     2     9
 -4.0889452407372826E-03 a       885     1     8     2    10
 -1.9281777320364807E-01 a       886     1     8     2    11
 -1.0425781666955702E+00 a       887     1     8     2    12
 -2.1539728045262048E+00 a       888     1     8     2    13
  1.2809286654290770E+00 a       889     1     8     2    14
 -3.1059304697130641E-01 a       890     1     8     2    15
 -2.5949398028773807E-01 a       891     1     8     2    16
 -1.0246148606442487E-01 a       892     1     8     2    17
 -1.7070959447793299E+00 a       893     1     8     2    18
 -1.5361041512790778E+00 a       894     1     8     2    19
 -1.1364840661308164E+00 a       895     1     8     2    20
  1.7475876911196361E-01 a       896     1     8     2    21
  2.1368353568514631E-01 a       897     1     8     2    22
  5.8472759742915914E-01 a       898     1     8     2    23
 -2.0655172958592741E-01 a       899     1     8     2    24
  2.8056917499383980E+00 a       900     1     8     2    25
  4.0431233733322351E-02 a       901     1     9     2     1
  1.9160963615736644E+00 a       902     1     9     2     2
 -1.9799148390588963E+00 a       903     1     9     2     3
  6.6784086686241306E-01 a       904     1     9     2     4
 -6.7014339686097268E-01 a       905     1     9     2     5
 -1.4743475340561745E+00 a       906     1     9     2     6
 -1.8287566060796532E+00 a       907     1     9     2     7
 -6.7060739049795970E-01 a       908     1     9     2     8
  1.6529818605358018E-01 a       909     1     9     2     9
  1.8450234893976850E-01 a       910     1     9     2    10
 -1.7822564374280792E-01 a       911     1     9     2    11
 -2.9053073816995543E+00 a       912     1     9     2    12
  1.3520588819431112E+00 a       913     1     9     2    13
 -4.7748173273791955E-01 a       914     1     9     2    14
 -9.8588502561608138E-01 a       915     1     9     2    15
  9.6422842146649834E-01 a       916     1     9     2    16
 -5.0839673387022266E-01 a       917     1     9     2    17
 -1.4277277457891748E+00 a       918     1     9     2    18
  5.9586073885438084E-01 a       919     1     9     2    19
 -5.0568874013702381E-01 a       920     1     9     2    20
 -1.3313928454887360E+00 a       921     1     9     2    21
  5.6749482406048923E-01 a       922     1     9     2    22
  3.0297951430530806E-01 a       923     1     9     2    23
 -2.9034804604818127E+00 a       924     1     9     2    24
  2.0871166560184684E-01 a       925     1     9     2    25
  1.4589524346029108E+00 a       926     1    10     2     1
  1.7866673089687685E-01 a       927     1    10     2     2
 -9.1237758560118476E-01 a       928     1    10     2     3
 -3.5933558715566738E-01 a       929     1    10     2     4
  8.2558215366090115E-01 a       930     1    10     2     5
  2.7645543967820538E+00 a       931     1    10     2     6
 -2.4669816227626745E-01 a       932     1    10     2     7
 -2.2283910965260251E-02 a       933     1    10     2     8
  1.3108837424646889E+00 a       934     1    10     2     9
  1.3187293973681335E+00 a       935     1    10     2    10
 -6.8992102377372433E-01 a       936     1    10     2    11
  1.8062715867383481E+00 a       937     1    10     2    12
 -2.0539779067026975E-01 a       938     1    10     2    13
 -2.1309682625622686E-02 a       939     1    10     2    14
 -7.1800422083872151E-01 a       940     1    10     2    15
  2.1479598733634027E+00 a       941     1    10     2    16
  8.6106893425174180E-01 a       942     1    10     2    17
  2.7321550189051855E+00 a       943     1    10     2    18
  1.1644845834164645E+00 a       944     1    10     2    19
 -5.1615660326767743E-01 a       945     1    10     2    20
 -1.0539190330955523E+00 a       946     1    10     2    21
  8.6816079578220207E-01 a       947     1    10     2    22
 -3.3882303331979728E+00 a       948     1    10     2    23
  4.3409333970189118E-01 a       949     1    10     2    24
  2.9616723173621202E+00 a       950     1    10     2    25
  3.1753797100146774E-01 a       951     1    11     2     1
 -7.8509087478721351E-01 a       952     1    11     2     2
 -7.6034500281818684E-01 a       953     1    11     2     3
  1.2747774052269047E+00 a       954     1    11     2     4
  2.0331828191114051E-01 a       955     1    11     2     5
 -6.4974056695980020E-01 a       956     1    11     2     6
  1.5233521276479797E-01 a       957     1    11     2     7
  5.3753838355249062E-01 a       958     1    11     2     8
 -4.3891915403228732E-01 a       959     1    11     2     9
 -9.9752823027318538E-01 a       960     1    11     2    10
  9.3373484763095704E-01 a       961     1    11     2    11
 -1.4683734639250254E+00 a       962     1    11     2    12
 -5.8841457298056510E-01 a       963     1    11     2    13
  1.5720320183857242E+00 a       964     1    11     2    14
 -1.1308372837626004E+00 a       965     1    11     2    15
 -2.0130467790580608E+00 a       966     1    11     2    16
  7.8055599291418620E-01 a       967     1    11     2    17
 -8.1377551724668717E-01 a       968     1    11     2    18
  6.8669297544573293E-01 a       969     1    11     2    19
  1.4421180287276443E+00 a       970     1    11     2    20
  1.2957901098470961E+00 a       971     1    11     2    21
  1.5824796107073774E-01 a       972     1    11     2    22
 -2.3154592334652553E+00 a       973     1    11     2    23
  1.7999562788361216E+00 a       974     1    11     2    24
  6.9344385205052461E-01 a       975     1    11     2    25
 -7.3444793808078990E-01 a       976     1    12     2     1
  1.5992801282084812E-01 a       977     1    12     2     2
 -8.6290532567790923E-01 a       978     1    12     2     3
  1.1095769730899852E+00 a       979     1    12     2     4
  2.9843919752609971E-01 a       980     1    12     2     5
 -1.9524669247280928E+00 a       981     1    12     2     6
  1.3030842913187994E+00 a       982     1    12     2     7
 -2.1433496762787368E-01 a       983     1    12     2     8
  2.0970758967452802E-01 a       984     1    12     2     9
  5.9066732468779504E-01 a       985     1    12     2    10
  8.5401115787472270E-01 a       986     1    12     2    11
 -2.4624103182687573E-01 a       987     1    12     2    12
 -5.9731325501640142E-01 a       988     1    12     2    13
 -7.7795197246109449E-01 a       989     1    12     2    14
  1.2089710941434588E+00 a       990     1    12     2    15
 -1.1425566176735295E-01 a       991     1    12     2    16
 -4.7533385517138593E-01 a       992     1    12     2    17
 -1.3348760112409599E+00 a       993     1    12     2    18
 -5.3817373796049017E-01 a       994     1    12     2    19
 -5.4769362184729185E-02 a       995     1    12     2    20
 -1.1217816059354568E+00 a       996     1    12     2    21
  4.9785716349772219E-01 a       997     1    12     2    22
 -1.1483728224837915E+00 a       998     1    12     2    23
 -9.3720205983542959E-01 a       999     1    12     2    24
  7.7570376210008718E-01 a      1000     1    12     2    25
 -4.1638400906071860E-01 a      1001     1    13     2     1
 -1.2752242263606994E+00 a      1002     1    13     2     2
 -1.3647001869555844E-01 a      1003     1    13     2     3
 -1.3992979618827390E+00 a      1004     1    13     2     4
  1.6625688637065310E+00 a      1005     1    13     2     5
  3.7611445290464796E-01 a      1006     1    13     2     6
 -4.2245235173886769E-01 a      1007     1    13     2     7
  1.0493652752270524E+00 a      1008     1    13     2     8
  2.1029097132298253E+00 a      1009     1    13     2     9
  8.6545316988300616E-03 a      1010     1    13     2    10
 -1.6486733125548643E+00 a      1011     1    13     2    11
 -7.6683253632170234E-01 a      1012     1    13     2    12
  3.0899695624915641E-01 a      1013     1    13     2    13
  1.7495843601214016E+00 a      1014     1    13     2    14
  1.9987237866378853E+00 a      1015     1    13     2    15
  1.4994715680189719E-01 a      1016     1    13     2    16
 -1.2293097243335209E+00 a      1017     1    13     2    17
 -2.2135404609437234E-01 a      1018     1    13     2    18
 -2.6225800225662865E-01 a      1019     1    13     2    19
  1.7773295450144024E+00 a      1020     1    13     2    20
  2.0025751815347355E+00 a      1021     1    13     2    21
 -7.3335341320643199E-01 a      1022     1    13     2    22
  1.1133775098094991E+00 a      1023     1    13     2    23
  1.4967440419389992E+00 a      1024     1    13     2    24
 -8.6657805492424654E-03 a      1025     1    13     2    25
  1.0125446864099605E+00 a      1026     1    14     2     1
 -1.5052314968916982E+00 a      1027     1    14     2     2
  4.1674823374466080E-01 a      1028     1    14     2     3
 -3.0093225939221802E-01 a      1029     1    14     2     4
  1.4125696288911346E-01 a      1030     1    14     2     5
 -2.1061402039568181E-01 a      1031     1    14     2     6
  1.7515114594778072E-01 a      1032     1    14     2     7
  2.3012691577234323E-01 a      1033     1    14     2     8
 -1.1294422766408836E+00 a      1034     1    14     2     9
  6.6682175580434999E-01 a      1035     1    14     2    10
  2.1534156699427920E-01 a      1036     1    14     2    11
 -8.2509841047741828E-01 a      1037     1    14     2    12
 -4.6368207679298273E-01 a      1038     1    14     2    13
 -5.0246987419633549E-01 a      1039     1    14     2    14
  9.9899395337540262E-02 a      1040     1    14     2    15
 -1.2594502158629672E+00 a      1041     1    14     2    16
  3.5466193325182438E-01 a      1042     1    14     2    17
  9.0141350041778268E-01 a      1043     1    14     2    18
  4.8384495820173501E-01 a      1044     1    14     2    19
 -9.7743662755252902E-01 a      1045     1    14     2    20
 -9.8419969460805035E-01 a      1046     1    14     2    21
  3.0688399175487567E-02 a      1047     1    14     2    22
  2.0683756520943147E-02 a      1048     1    14     2    23
  3.6767465817345824E-01 a      1049     1    14     2    24
  8.7685553537119909E-01 a      1050     1    14     2    25
  4.6637011592059574E-01 a      1051     1    15     2     1
 -1.3591794496294973E+00 a      1052     1    15     2     2
 -1.7859580163203589E-01 a      1053     1    15     2     3
 -6.8509655450806028E-01 a      1054     1    15     2     4
  1.0038388059306220E+00 a      1055     1    15     2     5
  1.7748557038001131E-03 a      1056     1    15     2     6
  5.5598325281596195E-01 a      1057     1    15     2     7
  4.7363302007457486E-01 a      1058     1    15     2     8
 -5.9238285936808222E-01 a      1059     1    15     2     9
 -1.3635417080615944E+00 a      1060     1    15     2    10
  7.0102229350071810E-01 a      1061     1    15     2    11
 -1.7488855083470358E+00 a      1062     1    15     2    12
 -1.1744149770159096E+00 a      1063     1    15     2    13
  8.7252739032818882E-02 a      1064     1    15     2    14
  5.4650197608516804E-01 a      1065     1    15     2    15
 -1.9584058577779557E+00 a      1066     1    15     2    16
  7.9449876351445603E-01 a      1067     1    15     2    17
 -8.7585849980997543E-01 a      1068     1    15     2    18
  8.2483008849971540E-01 a      1069     1    15     2    19
  6.1980353256416176E-01 a      1070     1    15     2    20
 -1.0596666849671074E-01 a      1071     1    15     2    21
  1.6530184228088862E+00 a      1072     1    15     2    22
 -1.9000841348830702E-01 a      1073     1    15     2    23
 -2.9446700586082347E-01 a      1074     1    15     2    24
  2.5961582479168928E+00 a      1075     1    15     2    25
 -1.0777111115598612E+00 a      1076     1    16     2     1
  1.1192480195667847E+00 a      1077     1    16     2     2
 -3.8665086702447699E-01 a      1078     1    16     2     3
  1.3833549596650260E-01 a      1079     1    16     2     4
 -1.9142797054166418E+00 a      1080     1    16     2     5
 -1.3291435287732083E+00 a      1081     1    16     2     6
 -1.8955305165120953E-01 a      1082     1    16     2     7
  7.2483980699375594E-01 a      1083     1    16     2     8
 -2.5219695474389834E+00 a      1084     1    16     2     9
  2.7081617574035771E-01 a      1085     1    16     2    10
  6.6282531420068924E-01 a      1086     1    16     2    11
  1.1132837295953082E+00 a      1087     1    16     2    12
 -1.1497733229711189E+00 a      1088     1    16     2    13
  1.1778358306834147E+00 a      1089     1    16     2    14
  3.2278649255918918E-01 a      1090     1    16     2    15
  8.5471575264292921E-01 a      1091     1    16     2    16
 -6.4338583753952572E-01 a      1092     1    16     2    17
  1.9279137333894818E+00 a      1093     1    16     2    18
 -1.3775798286454596E-01 a      1094     1    16     2    19
  1.3682645215333118E+00 a      1095     1    16     2    20
 -3.9504056232797669E-01 a      1096     1    16     2    21
  1.9954158992967448E+00 a      1097     1    16     2    22
 -1.5350415438054301E+00 a      1098     1    16     2    23
 -1.0552287541492142E+00 a      1099     1    16     2    24
 -2.0661212175469359E+00 a      1100     1    16     2    25
 -2.1596468574975445E+00 a      1101     1    17     2     1
  3.6901661415884346E-01 a      1102     1    17     2     2
  4.0228883378552771E-01 a      1103     1    17     2     3
  1.3138017916539397E+00 a      1104     1    17     2     4
 -1.4903268851295222E+00 a      1105     1    17     2     5
  5.0172782649112768E-01 a      1106     1    17     2     6
 -7.5262065694468638E-02 a      1107     1    17     2     7
  1.5523528026665578E+00 a      1108     1    17     2     8
 -4.2537990669048842E+00 a      1109     1    17     2     9
 -3.1950953510157953E-01 a      1110     1    17     2    10
  1.7763950380676390E+00 a      1111     1    17     2    11
  2.2099142891906567E-01 a      1112     1    17     2    12
 -8.9416832704971561E-01 a      1113     1    17     2    13
 -9.9997836801347129E-01 a      1114     1    17     2    14
  2.1837290569613814E+00 a      1115     1    17     2    15
 -3.7257882124474236E-02 a      1116     1    17     2    16
 -1.0620238732448126E+00 a      1117     1    17     2    17
 -8.6934152796097475E-01 a      1118     1    17     2    18
  2.0352370188427785E-01 a      1119     1    17     2    19
  5.5304383769242016E-01 a      1120     1    17     2    20
 -1.1619288411091286E+00 a      1121     1    17     2    21
  4.9049624836277084E-01 a      1122     1    17     2    22
 -1.5757590107359162E-01 a      1123     1    17     2    23
  9.7602732474323917E-01 a      1124     1    17     2    24
  2.3078586769382427E-02 a      1125     1    17     2    25
  4.9838620633806757E-01 a      1126     1    18     2     1
 -2.7707885210621946E-01 a      1127     1    18     2     2
 -3.1007206763847606E-01 a      1128     1    18     2     3
 -8.8293643242949205E-01 a      1129     1    18     2     4
 -1.8946538829106965E+00 a      1130     1    18     2     5
  1.3050165457835812E+00 a      1131     1    18     2     6
  9.8762433489101709E-01 a      1132     1    18     2     7
 -2.3271844214262369E+00 a      1133     1    18     2     8
  2.1473233277072845E+00 a      1134     1    18     2     9
 -1.0020841841462902E+00 a      1135     1    18     2    10
  3.6178797401897711E-01 a      1136     1    18     2    11
  5.1514313039935755E-01 a      1137     1    18     2    12
  5.7212941672222095E-01 a      1138     1    18     2    13
  4.3381976299053837E-01 a      1139     1    18     2    14
 -8.1273863540146862E-01 a      1140     1    18     2    15
 -7.4515653051848063E-01 a      1141     1    18     2    16
  1.2513195000125595E-02 a      1142     1    18     2    17
 -1.1729007043007960E-02 a      1143     1    18     2    18
 -1.6955312055959984E-01 a      1144     1    18     2    19
 -1.2456211912534148E+00 a      1145     1    18     2    20
  4.1370705413738590E-01 a      1146     1    18     2    21
 -1.6680621570614851E+00 a      1147     1    18     2    22
  2.5965341479623505E+00 a      1148     1    18     2    23
  1.5805994251109858E+00 a      1149     1    18     2    24
 -1.6197235612547986E-01 a      1150     1    18     2    25
 -5.8592187404930031E-02 a      1151     1    19     2     1
 -7.2053956159431976E-01 a      1152     1    19     2     2
 -1.4443989858475424E-02 a      1153     1    19     2     3
 -1.2921706138090638E+00 a      1154     1    19     2     4
  5.1727298103447415E-02 a      1155     1    19     2     5
  1.2429653331155534E-01 a      1156     1    19     2     6
  8.3194243940780788E-01 a      1157     1    19     2     7
  6.8118124825429960E-01 a      1158     1    19     2     8
 -5.3883223376356559E-01 a      1159     1    19     2     9
  2.3914952625313388E-01 a      1160     1    19     2    10
  5.2239673736662891E-02 a      1161     1    19     2    11
  2.2832268675607548E+00 a      1162     1    19     2    12
  1.3803028479043526E+00 a      1163     1    19     2    13
  1.4511293619170067E+00 a      1164     1    19     2    14
  9.6008483785849541E-01 a      1165     1    19     2    15
  8.1607006550855665E-01 a      1166     1    19     2    16
  1.1058703315475011E+00 a      1167     1    19     2    17
  5.4261947119750642E-01 a      1168     1    19     2    18
  4.9532557567924379E-01 a      1169     1    19     2    19
 -1.4128313996414146E-01 a      1170     1    19     2    20
  1.1157289892568361E+00 a      1171     1    19     2    21
 -9.8038473340178534E-01 a      1172     1    19     2    22
  1.8724292119142336E+00 a      1173     1    19     2    23
 -2.6900327731906275E+00 a      1174     1    19     2    24
 -8.2618307617975661E-01 a      1175     1    19     2    25
  9.2561116108256669E-01 a      1176     1    20     2     1
  4.0549636789763766E-01 a      1177     1    20     2     2
  7.1166504274941333E-01 a      1178     1    20     2     3
 -1.9625709807841549E+00 a      1179     1    20     2     4
 -3.8187643310484520E-01 a      1180     1    20     2     5
 -1.9327245651997325E+00 a      1181     1    20     2     6
 -1.9141199809498999E+00 a      1182     1    20     2     7
 -3.3211885637886540E-01 a      1183     1    20     2     8
 -1.4189856406044412E+00 a      1184     1    20     2     9
  7.0412044063237714E-02 a      1185     1    20     2    10
  1.1355440722333361E+00 a      1186     1    20     2    11
  4.2893689143548244E+00 a      1187     1    20     2    12
  1.2412880558731423E-01 a      1188     1    20     2    13
 -1.2745385810295868E+00 a      1189     1    20     2    14
  2.6950139076618063E-01 a      1190     1    20     2    15
 -1.2184391896158915E+00 a      1191     1    20     2    16
  8.3907821329365573E-01 a      1192     1    20     2    17
 -1.2982039250110869E-01 a      1193     1    20     2    18
 -1.5621641088094584E-01 a      1194     1    20     2    19
 -1.5373893704240960E+00 a      1195     1    20     2    20
 -1.4734475351525029E+00 a      1196     1    20     2    21
 -1.9219369607188290E+00 a      1197     1    20     2    22
 -3.2261369900840764E-01 a      1198     1    20     2    23
 -7.1943040956329030E-01 a      1199     1    20     2    24
 -8.8927290200338183E-01 a      1200     1    20     2    25
 -1.3020667231559473E+00 a      1201     1    21     2     1
 -1.9550240613070726E+00 a      1202     1    21     2     2
  9.9944703936629187E-01 a      1203     1    21     2     3
  1.9524701233774697E+00 a      1204     1    21     2     4
 -1.3864268078438415E+00 a      1205     1    21     2     5
  3.6073499160150302E-01 a      1206     1    21     2     6
 -9.2075331501671664E-01 a      1207     1    21     2     7
 -1.4285600342074256E+00 a      1208     1    21     2     8
  2.7269405317388573E+00 a      1209     1    21     2     9
  4.9761140277869620E-01 a      1210     1    21     2    10
  9.2090993856967251E-01 a      1211     1    21     2    11
 -5.6019503518899638E-01 a      1212     1    21     2    12
  7.9303469559809409E-02 a      1213     1    21     2    13
 -1.9039718219920529E-01 a      1214     1    21     2    14
 -1.5999812359724062E+00 a      1215     1    21     2    15
  3.0499970311200214E-01 a      1216     1    21     2    16
 -1.1402915962946238E+00 a      1217     1    21     2    17
 -1.1199376618834596E+00 a      1218     1    21     2    18
  6.4730531602475272E-01 a      1219     1    21     2    19
  6.2953315154919254E-01 a      1220     1    21     2    20
 -1.6276936276061876E-01 a      1221     1    21     2    21
 -7.4811760744891032E-01 a      1222     1    21     2    22
  1.9120848598847759E-01 a      1223     1    21     2    23
  1.6321615780512497E+00 a      1224     1    21     2    24
 -1.9391095925313706E-01 a      1225     1    21     2    25
  1.4952142907786398E-01 a      1226     1    22     2     1
 -3.2267084989429157E-01 a      1227     1    22     2     2
 -1.7350351858266500E-01 a      1228     1    22     2     3
 -1.1651247828851528E+00 a      1229     1    22     2     4
  8.0363751118394181E-02 a      1230     1    22     2     5
  9.0972938137643455E-02 a      1231     1    22     2     6
  2.0299637708793611E-01 a      1232     1    22     2     7
 -2.2327433392268883E-01 a      1233     1    22     2     8
 -4.7397608040986039E-01 a      1234     1    22     2     9
 -8.2533590577098220E-02 a      1235     1    22     2    10
 -1.1805258113426446E-01 a      1236     1    22     2    11
  3.8063054658799922E-01 a      1237     1    22     2    12
 -3.9696090303019939E-02 a      1238     1    22     2    13
  4.0409407112900941E-01 a      1239     1    22     2    14
  7.4446601293301840E-01 a      1240     1    22     2    15
  7.3911408557685754E-01 a      1241     1    22     2    16
  3.2338206746960146E-01 a      1242     1    22     2    17
  8.7645279708849577E-01 a      1243     1    22     2    18
 -6.5052932637734318E-01 a      1244     1    22     2    19
  1.9720367219024324E+00 a      1245     1    22     2    20
 -8.7728715192600143E-02 a      1246     1    22     2    21
 -8.3562513007937345E-01 a      1247     1    22     2    22
  1.3746841200666569E+00 a      1248     1    22     2    23
  6.2185467672202477E-01 a      1249     1    22     2    24
  2.0909122756399356E-01 a      1250     1    22     2    25
 -1.3943307453714473E+00 a      1251     1    23     2     1
 -8.4718884577251996E-01 a      1252     1    23     2     2
 -7.5250095493248836E-01 a      1253     1    23     2     3
  1.8915194738541588E+00 a      1254     1    23     2     4
 -7.1659350264121346E-02 a      1255     1    23     2     5
  6.7109266953618896E-01 a      1256     1    23     2     6
  8.4699243940251301E-01 a      1257     1    23     2     7
  6.0645375755177455E-01 a      1258     1    23     2     8
 -3.8776749070352762E-01 a      1259     1    23     2     9
 -2.5501938774602276E-02 a      1260     1    23     2    10
  7.2650059937555700E-01 a      1261     1    23     2    11
  7.4119110145988487E-01 a      1262     1    23     2    12
  1.7483094986151078E+00 a      1263     1    23     2    13
 -3.6282909910811306E-01 a      1264     1    23     2    14
 -3.0232301650244372E-02 a      1265     1    23     2    15
  4.9347527941107244E-01 a      1266     1    23     2    16
  7.9874324884356007E-01 a      1267     1    23     2    17
  5.1544351129724375E-01 a      1268     1    23     2    18
  1.0026403667132669E-01 a      1269     1    23     2    19
  9.5081996299454560E-02 a      1270     1    23     2    20
  3.9737277301158846E-01 a      1271     1    23     2    21
  1.5087659991229796E+00 a      1272     1    23     2    22
 -8.6528033029165188E-02 a      1273     1    23     2    23
 -1.1593824502526293E-01 a      1274     1    23     2    24
 -7.1207902207922674E-03 a      1275     1    23     2    25
 -2.4394944545377828E+00 a      1276     1    24     2     1
  8.6591085062035034E-01 a      1277     1    24     2     2
  7.0524531485170094E-01 a      1278     1    24     2     3
 -2.3226096398579194E-01 a      1279     1    24     2     4
 -1.0733164627980429E+00 a      1280     1    24     2     5
 -4.4276699630255001E-01 a      1281     1    24     2     6
  1.9976933227360899E-01 a      1282     1    24     2     7
  3.0771512813988938E-01 a      1283     1    24     2     8
  6.6485332698412447E-01 a      1284     1    24     2     9
  7.9169336175466520E-01 a      1285     1    24     2    10
  1.5156950288235356E+00 a      1286     1    24     2    11
  5.5826027303090053E-01 a      1287     1    24     2    12
 -6.6063067785850627E-01 a      1288     1    24     2    13
 -7.8330210860894867E-02 a      1289     1    24     2    14
  1.3533891193061909E-01 a      1290     1    24     2    15
 -5.1838558444698513E-01 a      1291     1    24     2    16
  6.4534770363109006E-01 a      1292     1    24     2    17
  4.5257860473678646E-01 a      1293     1    24     2    18
 -3.4471958776327316E-01 a      1294     1    24     2    19
 -3.2946862115320941E-01 a      1295     1    24     2    20
  8.1047164651578329E-01 a      1296     1    24     2    21
  9.2057699620462163E-01 a      1297     1    24     2    22
  2.9011064100485873E-01 a      1298     1    24     2    23
 -1.4252056894740581E+00 a      1299     1    24     2    24
 -3.4122762117575425E+00 a      1300     1    24     2    25
  1.2822980792718222E+00 a      1301     1    25     2     1
 -1.0564910300669235E+00 a      1302     1    25     2     2
 -3.7423487275760348E-01 a      1303     1    25     2     3
  7.6606758262588026E-01 a      1304     1    25     2     4
  3.2058864340946176E+00 a      1305     1    25     2     5
  1.8521406196564252E+00 a      1306     1    25     2     6
 -2.8590902188237938E-01 a      1307     1    25     2     7
  1.2285702057264696E+00 a      1308     1    25     2     8
  5.5844778473734624E-01 a      1309     1    25     2     9
 -2.4139759944881911E-01 a      1310     1    25     2    10
 -1.3653827797800674E-01 a      1311     1    25     2    11
 -9.7807062243699883E-01 a      1312     1    25     2    12
 -3.4274376458698547E-02 a      1313     1    25     2    13
  6.7950983322590841E-01 a      1314     1    25     2    14
 -7.7382321350849970E-01 a      1315     1    25     2    15
 -1.2900961514537370E+00 a      1316     1    25     2    16
  1.8633572583757991E+00 a      1317     1    25     2    17
 -4.7960179678914561E-01 a      1318     1    25     2    18
  2.0321961126703830E-01 a      1319     1    25     2    19
  1.9526171030400008E+00 a      1320     1    25     2    20
  1.8802810051733665E+00 a      1321     1    25     2    21
 -5.5622223225454559E-01 a      1322     1    25     2    22
 -1.3543412217759638E+00 a      1323     1    25     2    23
  2.4423599315894164E+00 a      1324     1    25     2    24
 -3.2625625980816791E-01 a      1325     1    25     2    25
  3.0965693230836178E-01 b      1326     2     1
 -5.8468181880921621E-02 b      1327     2     2
 -1.9158453854506179E+00 b      1328     2     3
 -6.8001339803562566E-01 b      1329     2     4
  7.8916916184634156E-01 b      1330     2     5
  1.0225083125426599E+00 b      1331     2     6
  7.6351119123409306E-01 b      1332     2     7
  4.3615596170193138E-01 b      1333     2     8
 -1.9427915971840739E+00 b      1334     2     9
 -3.9529627062883355E-01 b      1335     2    10
 -1.5860641238961262E+00 b      1336     2    11
 -1.3643635639220300E+00 b      1337     2    12
 -5.1997967227399279E-02 b      1338     2    13
  9.2435462781441435E-01 b      1339     2    14
  2.7834226920763432E+00 b      1340     2    15
  3.2357989856513498E+00 b      1341     2    16
 -1.1124015182177318E+00 b      1342     2    17
  3.8611516463659856E-01 b      1343     2    18
  1.1803122361657001E+00 b      1344     2    19
 -1.3276003313814093E+00 b      1345     2    20
 -4.3065081434682205E-02 b      1346     2    21
  1.3210909890328792E-01 b      1347     2    22
 -5.0164251322199016E+00 b      1348     2    23
 -3.7911889970419019E+00 b      1349     2    24
 -1.9274303902931973E+00 b      1350     2    25
 -9.6063377564299293E-02 a      1351     2     1     3     1
  6.1123728913584623E-03 a      1352     2     2     3     1
  4.0842645164987029E-01 a      1353     2     3     3     1
 -4.1970180150614461E-01 a      1354     2     4     3     1
  8.0030248388925293E-02 a      1355     2     5     3     1
  3.0201201027449226E-01 a      1356     2     6     3     1
  1.3421407327706852E-01 a      1357     2     7     3     1
 -5.2438927764523337E-02 a      1358     2     8     3     1
  3.8979388192322021E-03 a      1359     2     9     3     1
  1.9885838790731789E-01 a      1360     2    10     3     1
 -1.7333298635770844E-01 a      1361     2    11     3     1
  1.2158655930044478E-02 a      1362     2    12     3     1
  5.4311665926634674E-02 a      1363     2    13     3     1
 -2.2752180425973296E-03 a      1364     2    14     3     1
  7.0469248696982088E-03 a      1365     2    15     3     1
 -2.1015129061238369E-01 a      1366     2    16     3     1
  1.5298387975426350E-01 a      1367     2    17     3     1
 -1.5371640484098315E-01 a      1368     2    18     3     1
  3.3620032980608583E-01 a      1369     2    19     3     1
  2.3837763880893023E-01 a      1370     2    20     3     1
 -1.0253238790718273E-01 a      1371     2    21     3     1
  9.4470537460008192E-02 a      1372     2    22     3     1
  1.0398579201021591E-01 a      1373     2    23     3     1
  2.8432949422583557E-02 a      1374     2    24     3     1
 -2.9859557397756153E-02 a      1375     2    25     3     1
  4.3824556450030729E-02 b      1376     3     1
