  1.0415513853320904E+00 a         1     0     1     1     1
  2.4053758354691282E-01 a         2     0     1     1     2
 -6.7031759404364222E-01 a         3     0     1     1     3
  1.9332813549293784E+00 a         4     0     1     1     4
 -1.2765998926443431E+00 a         5     0     1     1     5
 -6.8550046117435015E-01 a         6     0     1     1     6
 -6.2409478814358677E-01 a         7     0     1     1     7
 -2.0011950397313725E+00 a         8     0     1     1     8
  2.1441429533207303E+00 a         9     0     1     1     9
 -4.0827584805792738E-01 a        10     0     1     1    10
  2.0424421790450564E+00 a        11     0     1     1    11
  3.3706559547207132E-01 a        12     0     1     1    12
 -5.7515726049128202E-01 a        13     0     1     1    13
 -1.4104021414359731E+00 a        14     0     1     1    14
  3.6732841336817568E-01 a        15     0     1     1    15
  3.4024801597118903E-01 a        16     0     1     1    16
  3.6699256762285248E-01 a        17     0     1     1    17
 -2.0866977340583473E-02 a        18     0     1     1    18
  5.2546624467921799E-01 a        19     0     1     1    19
  3.9470740529758680E-01 a        20     0     1     1    20
 -1.2103397469548380E+00 a        21     0     1     1    21
  2.8649836208835816E-01 a        22     0     1     1    22
 -1.2126349101071205E+00 a        23     0     1     1    23
  1.4221412604110746E+00 a        24     0     1     1    24
  2.1793598852180880E+00 a        25     0     1     1    25
  1.9284260929441013E+00 a        26     0     2     1     1
  1.4350699412552539E+00 a        27     0     2     1     2
 -5.1814965753298727E+00 a        28     0     2     1     3
  2.2750996435173301E+00 a        29     0     2     1     4
 -3.3948910678584512E+00 a        30     0     2     1     5
 -1.3926250415761328E+00 a        31     0     2     1     6
 -1.6214842666187166E+00 a        32     0     2     1     7
  6.1627915925957233E-01 a        33     0     2     1     8
  1.1279989095142950E+00 a        34     0     2     1     9
 -1.2442890949824106E+00 a        35     0     2     1    10
  1.5469968904429316E+00 a        36     0     2     1    11
 -2.2867225429798927E+00 a        37     0     2     1    12
  1.5124521529573232E+00 a        38     0     2     1    13
  4.7338254049170157E-02 a        39     0     2     1    14
  3.2296121535996541E-01 a        40     0     2     1    15
 -3.1308914975563962E+00 a        41     0     2     1    16
 -3.3908170784805027E+00 a        42     0     2     1    17
 -1.4713581973510161E+00 a        43     0     2     1    18
 -1.5065214215794007E+00 a        44     0     2     1    19
 -7.0740181141181621E-02 a        45     0     2     1    20
 -1.2818218549759659E+00 a        46     0     2     1    21
 -1.0756179180210272E+00 a        47     0     2     1    22
  4.1169967347839415E-01 a        48     0     2     1    23
  7.8123400657978759E-01 a        49     0     2     1    24
 -6.5545825884805264E-01 a        50     0     2     1    25
 -7.4828328832299784E-01 a        51     0     3     1     1
 -5.2740538962446126E-01 a        52     0     3     1     2
  3.0253436068449364E+00 a        53     0     3     1     3
 -2.4975732156993860E+00 a        54     0     3     1     4
  3.9804252179429938E+00 a        55     0     3     1     5
  2.3426120649091877E+00 a        56     0     3     1     6
  4.1306402506111111E+00 a        57     0     3     1     7
  1.3325830182380529E+00 a        58     0     3     1     8
 -4.7495453381038368E+00 a        59     0     3     1     9
  2.4263655948657590E+00 a        60     0     3     1    10
 -1.0873884388941792E+00 a        61     0     3     1    11
  2.3916056426354140E+00 a        62     0     3     1    12
 -1.2327878448684741E+00 a        63     0     3     1    13
  2.4504442485925879E+00 a        64     0     3     1    14
 -2.0281714323536666E+00 a        65     0     3     1    15
  1.2478554314322825E+00 a        66     0     3     1    16
  2.6435383646084705E+00 a        67     0     3     1    17
  1.2791294855025410E+00 a        68     0     3     1    18
 -1.2834178675636790E-01 a        69     0     3     1    19
  1.2109714000174152E+00 a        70     0     3     1    20
  1.5921158840978429E+00 a        71     0     3     1    21
 -6.8155372867334835E-02 a        72     0     3     1    22
  7.5409523694681702E-01 a        73     0     3     1    23
  2.3433809151629797E-01 a        74     0     3     1    24
 -1.8516315321098173E+00 a        75     0     3     1    25
 -3.1302005950765861E+00 a        76     0     4     1     1
 -1.8689683465399649E+00 a        77     0     4     1     2
  3.9272174227091576E+00 a        78     0     4     1     3
 -1.2549174094702444E+00 a        79     0     4     1     4
 -4.1816661205706190E-01 a        80     0     4     1     5
  3.2275660052977501E-01 a        81     0     4     1     6
  5.2192576400707569E-01 a        82     0     4     1     7
  5.4590853656546490E-01 a        83     0     4     1     8
 -3.7014004409263670E+00 a        84     0     4     1     9
 -4.1177947926734587E-01 a        85     0     4     1    10
  1.1710508189757554E+00 a        86     0     4     1    11
  3.9891074223389440E+00 a        87     0     4     1    12
 -1.8182269150981263E+00 a        88     0     4     1    13
  8.8598358717029768E-01 a        89     0     4     1    14
 -3.0976440354748975E+00 a        90     0     4     1    15
 -5.6932839340179175E-01 a        91     0     4     1    16
  1.6377647035138834E+00 a        92     0     4     1    17
  8.7499161559278138E-01 a        93     0     4     1    18
 -9.2255017927591243E-01 a        94     0     4     1    19
 -2.0027783065108533E+00 a        95     0     4     1    20
  7.4971239482571492E-02 a        96     0     4     1    21
  1.7161972485315868E+00 a        97     0     4     1    22
  1.5697650529315976E+00 a        98     0     4     1    23
 -2.7573989954809432E+00 a        99     0     4     1    24
 -3.2776798892486420E-01 a       100     0     4     1    25
  6.2852155551256694E-01 a       101     0     5     1     1
  1.4267167179621276E+00 a       102     0     5     1     2
 -4.6571408193876501E-01 a       103     0     5     1     3
 -1.2513875294014098E+00 a       104     0     5     1     4
 -7.3538977604680178E-01 a       105     0     5     1     5
 -3.8167663699246213E-01 a       106     0     5     1     6
 -1.9224941173649577E+00 a       107     0     5     1     7
 -4.2365773961828657E+00 a       108     0     5     1     8
  4.3345173905278953E+00 a       109     0     5     1     9
  2.9958057571202468E+00 a       110     0     5     1    10
 -3.2977426949846200E+00 a       111     0     5     1    11
 -3.7813815544879370E+00 a       112     0     5     1    12
  3.4101955314753942E+00 a       113     0     5     1    13
 -3.1004739026037837E+00 a       114     0     5     1    14
  2.7673400839850553E+00 a       115     0     5     1    15
 -7.8261403143808927E-01 a       116     0     5     1    16
 -2.6584258580793256E+00 a       117     0     5     1    17
 -5.8847302441509464E-01 a       118     0     5     1    18
 -9.2178484792260040E-01 a       119     0     5     1    19
  2.8476214712418884E+00 a       120     0     5     1    20
  1.0019499553504821E-01 a       121     0     5     1    21
 -2.1067489601606373E+00 a       122     0     5     1    22
 -1.7575033012405863E+00 a       123     0     5     1    23
  2.0423137174306927E+00 a       124     0     5     1    24
 -2.1694725995351362E-02 a       125     0     5     1    25
 -2.1047477334123224E-01 a       126     0     6     1     1
 -1.3526465152723071E+00 a       127     0     6     1     2
  2.0171243168882320E+00 a       128     0     6     1     3
  1.0269042121273105E-01 a       129     0     6     1     4
 -2.4371017739394762E+00 a       130     0     6     1     5
  1.3506980423021560E+00 a       131     0     6     1     6
 -3.0865103704822499E+00 a       132     0     6     1     7
 -1.8691153408603238E+00 a       133     0     6     1     8
  4.4521877541860261E-01 a       134     0     6     1     9
 -2.1122205634007325E+00 a       135     0     6     1    10
  2.2637485995498291E-01 a       136     0     6     1    11
 -1.5413453366512524E+00 a       137     0     6     1    12
 -1.3952368191884410E+00 a       138     0     6     1    13
 -1.2506097602173216E+00 a       139     0     6     1    14
  2.7862806132907445E+00 a       140     0     6     1    15
  1.1243128604856134E+00 a       141     0     6     1    16
 -1.0543769945807925E-01 a       142     0     6     1    17
  1.0031379258528565E+00 a       143     0     6     1    18
 -1.0933727878585486E+00 a       144     0     6     1    19
 -1.7413424931064639E-01 a       145     0     6     1    20
 -1.1959465307524308E+00 a       146     0     6     1    21
  8.8171359516002623E-01 a       147     0     6     1    22
 -4.8850604875187623E-02 a       148     0     6     1    23
 -3.5281034138112150E-01 a       149     0     6     1    24
  2.6566997609347620E+00 a       150     0     6     1    25
  2.4074787637303809E+00 a       151     0     7     1     1
  3.7590233098075654E-01 a       152     0     7     1     2
  8.3250219219178856E-01 a       153     0     7     1     3
  1.6618044175428723E+00 a       154     0     7     1     4
  8.6935694218655513E-01 a       155     0     7     1     5
  1.0998662779354114E+00 a       156     0     7     1     6
  8.3226994087231454E-01 a       157     0     7     1     7
  2.9303638363321918E+00 a       158     0     7     1     8
 -1.7266884495855188E+00 a       159     0     7     1     9
 -1.7469742807599393E+00 a       160     0     7     1    10
  2.0059270396004596E+00 a       161     0     7     1    11
  4.7877072222745714E+00 a       162     0     7     1    12
  2.1881704873616883E-01 a       163     0     7     1    13
 -5.9813541250717839E-01 a       164     0     7     1    14
 -5.8328483216889477E+00 a       165     0     7     1    15
 -3.0781487927439484E+00 a       166     0     7     1    16
 -1.7538762130800538E+00 a       167     0     7     1    17
  2.1148865655975011E+00 a       168     0     7     1    18
  3.0505074834717663E+00 a       169     0     7     1    19
 -1.6316141977864431E+00 a       170     0     7     1    20
  1.3629468370562928E-02 a       171     0     7     1    21
  4.1462627760886290E+00 a       172     0     7     1    22
 -1.2267589224627291E+00 a       173     0     7     1    23
 -2.3143145008034187E+00 a       174     0     7     1    24
  1.0831280538986310E+00 a       175     0     7     1    25
  8.7388099231112140E-02 a       176     0     8     1     1
  1.0916370284110724E+00 a       177     0     8     1     2
 -1.5771551354785980E+00 a       178     0     8     1     3
 -1.9670252349820845E+00 a       179     0     8     1     4
  2.5854619470314302E+00 a       180     0     8     1     5
  1.0162088763131698E+00 a       181     0     8     1     6
  1.0085040532636211E+00 a       182     0     8     1     7
  3.0223487544373615E+00 a       183     0     8     1     8
 -1.7435648779154185E+00 a       184     0     8     1     9
 -2.7444130609056785E+00 a       185     0     8     1    10
 -3.9304870645598439E-01 a       186     0     8     1    11
 -1.5229847966400210E+00 a       187     0     8     1    12
 -1.1153923392164222E+00 a       188     0     8     1    13
  1.8901134492076386E+00 a       189     0     8     1    14
 -2.5268430130117832E+00 a       190     0     8     1    15
  9.7275801263052197E-01 a       191     0     8     1    16
  1.5851970590506012E-01 a       192     0     8     1    17
 -1.3598018919666084E+00 a       193     0     8     1    18
  7.2375438702358597E-01 a       194     0     8     1    19
  9.5209368302135777E-02 a       195     0     8     1    20
 -6.4981524908362898E-02 a       196     0     8     1    21
  1.3134178826131666E+00 a       197     0     8     1    22
  1.0740996538071892E+00 a       198     0     8     1    23
  7.9443615052314376E-01 a       199     0     8     1    24
 -3.5555918269205566E-01 a       200     0     8     1    25
 -2.5275189590136002E+00 a       201     0     9     1     1
 -1.1012950904009600E+00 a       202     0     9     1     2
  1.6688955308112813E-01 a       203     0     9     1     3
  3.5734253585527065E-01 a       204     0     9     1     4
 -1.6004190223231742E+00 a       205     0     9     1     5
 -1.1742647566349946E+00 a       206     0     9     1     6
 -9.2352048622237087E-02 a       207     0     9     1     7
 -4.2936779210353269E+00 a       208     0     9     1     8
 -2.1180649976467549E+00 a       209     0     9     1     9
  2.4125042412091988E-01 a       210     0     9     1    10
 -1.1955679324504369E+00 a       211     0     9     1    11
 -1.9705687701605230E+00 a       212     0     9     1    12
 -1.6463346075800438E+00 a       213     0     9     1    13
 -1.7605278769622914E+00 a       214     0     9     1    14
  1.6341281120366331E+00 a       215     0     9     1    15
  2.6455058579873887E+00 a       216     0     9     1    16
  3.6447410606699548E-01 a       217     0     9     1    17
 -2.2445894194692557E+00 a       218     0     9     1    18
 -1.8466653461882447E+00 a       219     0     9     1    19
  1.0201262566086362E+00 a       220     0     9     1    20
  2.7952120494819357E+00 a       221     0     9     1    21
 -2.0447590371551536E+00 a       222     0     9     1    22
  1.0454434276743880E+00 a       223     0     9     1    23
 -1.5295549043276737E+00 a       224     0     9     1    24
  1.1107920599942302E-01 a       225     0     9     1    25
 -1.6433388727468315E-01 a       226     0    10     1     1
 -2.9996844960760508E-02 a       227     0    10     1     2
 -2.9515808137799904E+00 a       228     0    10     1     3
  1.1103041334622765E+00 a       229     0    10     1     4
 -7.6359518363776219E-02 a       230     0    10     1     5
 -1.5611725647987011E+00 a       231     0    10     1     6
  6.3332693828532272E-01 a       232     0    10     1     7
 -3.5213824997951126E-01 a       233     0    10     1     8
  1.5135865896553242E+00 a       234     0    10     1     9
  1.0862233060265198E+00 a       235     0    10     1    10
 -3.9939697696213727E-01 a       236     0    10     1    11
 -8.4775472058704771E-01 a       237     0    10     1    12
 -6.6152411164368308E-01 a       238     0    10     1    13
  5.7455559571666470E-01 a       239     0    10     1    14
  2.7051196030448170E+00 a       240     0    10     1    15
 -1.2411207290416393E-01 a       241     0    10     1    16
  4.8544251178908943E-01 a       242     0    10     1    17
 -2.7303946313811873E+00 a       243     0    10     1    18
  1.0858252416805598E+00 a       244     0    10     1    19
  8.7175405980866785E-03 a       245     0    10     1    20
  1.8803956726797786E+00 a       246     0    10     1    21
 -1.2441990600518142E+00 a       247     0    10     1    22
  1.3762436154579951E+00 a       248     0    10     1    23
  7.3347317809275936E-01 a       249     0    10     1    24
 -3.9154226113918428E-01 a       250     0    10     1    25
  1.0944596003221145E+00 a       251     0    11     1     1
  1.4286602902140371E+00 a       252     0    11     1     2
 -1.7990409929185125E+00 a       253     0    11     1     3
 -5.9982275218237048E-02 a       254     0    11     1     4
  1.9082590238921249E+00 a       255     0    11     1     5
  4.8684131303059562E-02 a       256     0    11     1     6
  6.9235109056727462E-01 a       257     0    11     1     7
  1.6666481673954043E+00 a       258     0    11     1     8
  1.9547446828128703E-01 a       259     0    11     1     9
 -1.4825487538542530E+00 a       260     0    11     1    10
  2.3583897613031786E+00 a       261     0    11     1    11
  8.1602063420308169E-01 a       262     0    11     1    12
  1.2907361446144596E+00 a       263     0    11     1    13
 -2.3878751039469117E+00 a       264     0    11     1    14
 -4.5284314557966027E-01 a       265     0    11     1    15
 -1.8473410950236127E+00 a       266     0    11     1    16
 -1.2278339865560655E+00 a       267     0    11     1    17
  2.4283882013314741E+00 a       268     0    11     1    18
  5.9275003157350536E-01 a       269     0    11     1    19
 -2.0304178183078427E+00 a       270     0    11     1    20
  3.0258424803981054E-01 a       271     0    11     1    21
  1.2889052230443251E-01 a       272     0    11     1    22
  5.5397687962509146E-01 a       273     0    11     1    23
 -5.1106558380226341E-01 a       274     0    11     1    24
 -1.0850896349363004E+00 a       275     0    11     1    25
  9.8613575711294033E-01 a       276     0    12     1     1
  4.7635734738060070E-01 a       277     0    12     1     2
  8.6122733620430281E-01 a       278     0    12     1     3
 -2.6445775044663264E+00 a       279     0    12     1     4
  2.6077376111488548E-01 a       280     0    12     1     5
  2.1374045688852896E+00 a       281     0    12     1     6
  5.3025205907071105E-01 a       282     0    12     1     7
  1.8454816979147692E+00 a       283     0    12     1     8
  7.9874730347710776E-01 a       284     0    12     1     9
 -1.0741590753982266E+00 a       285     0    12     1    10
  4.4250408491467930E-01 a       286     0    12     1    11
  2.4261917579694563E+00 a       287     0    12     1    12
  1.7727000218652229E+00 a       288     0    12     1    13
 -1.4420645076928689E+00 a       289     0    12     1    14
  5.8110730273700606E-01 a       290     0    12     1    15
  8.6517770838094088E-01 a       291     0    12     1    16
  5.0282449512548962E-02 a       292     0    12     1    17
  1.2771553994434288E+00 a       293     0    12     1    18
 -2.1084256100598604E+00 a       294     0    12     1    19
 -7.3583918021584105E-01 a       295     0    12     1    20
  8.6391356450426415E-01 a       296     0    12     1    21
 -5.4684720902755846E-01 a       297     0    12     1    22
 -1.5427259716675070E+00 a       298     0    12     1    23
 -1.4445110718654621E+00 a       299     0    12     1    24
 -2.1634357587768291E+00 a       300     0    12     1    25
 -1.8140261676909339E+00 a       301     0    13     1     1
  4.5917129612627738E-01 a       302     0    13     1     2
 -6.4912730692057397E-01 a       303     0    13     1     3
 -4.9107927904656762E-01 a       304     0    13     1     4
 -3.2931101206454580E+00 a       305     0    13     1     5
 -1.3863238963546622E+00 a       306     0    13     1     6
  5.7689033259779809E-01 a       307     0    13     1     7
 -2.6541356924569905E+00 a       308     0    13     1     8
 -1.4521389698068867E+00 a       309     0    13     1     9
  1.3734704293307409E+00 a       310     0    13     1    10
 -1.2480676520185963E+00 a       311     0    13     1    11
 -2.3788970529298445E-01 a       312     0    13     1    12
 -2.7287921431736262E+00 a       313     0    13     1    13
  1.0641955445647873E+00 a       314     0    13     1    14
 -1.3432640939039830E-01 a       315     0    13     1    15
  4.9159269335441708E-01 a       316     0    13     1    16
  8.9547408599246936E-01 a       317     0    13     1    17
  7.1637794961183288E-01 a       318     0    13     1    18
 -3.4157461402785021E+00 a       319     0    13     1    19
 -1.1972996605800215E+00 a       320     0    13     1    20
 -9.7769103569888161E-01 a       321     0    13     1    21
 -4.9047044956068497E-01 a       322     0    13     1    22
  9.5855906910706709E-02 a       323     0    13     1    23
 -1.3480977076513636E+00 a       324     0    13     1    24
  7.8320514152121778E-01 a       325     0    13     1    25
 -1.9150919757166309E+00 a       326     0    14     1     1
 -9.0202463808805555E-01 a       327     0    14     1     2
 -4.9226504589768555E-01 a       328     0    14     1     3
  1.6129813592102438E+00 a       329     0    14     1     4
 -7.0253962036390516E-01 a       330     0    14     1     5
 -1.8357532186038839E-01 a       331     0    14     1     6
 -1.0570774467154442E+00 a       332     0    14     1     7
 -2.7586371142060356E-01 a       333     0    14     1     8
  4.1648832778059997E-01 a       334     0    14     1     9
  4.6995703958149693E-01 a       335     0    14     1    10
  2.3785145845479799E-01 a       336     0    14     1    11
 -1.8553850803597571E+00 a       337     0    14     1    12
 -1.3979132906835374E+00 a       338     0    14     1    13
  2.0042912507276522E+00 a       339     0    14     1    14
 -6.9658014072519270E-01 a       340     0    14     1    15
  7.7837117537296430E-01 a       341     0    14     1    16
  5.5025611015726894E-01 a       342     0    14     1    17
 -5.4348746815825288E-01 a       343     0    14     1    18
 -3.8352453338701986E-01 a       344     0    14     1    19
 -1.0118121185268634E+00 a       345     0    14     1    20
 -1.1709246270446545E+00 a       346     0    14     1    21
 -5.7193150985068875E-01 a       347     0    14     1    22
  1.5797006644103315E-01 a       348     0    14     1    23
  2.6242796458493648E-02 a       349     0    14     1    24
  7.9919666237901432E-01 a       350     0    14     1    25
  1.4572588872077947E+00 a       351     0    15     1     1
 -7.4126540729750542E-02 a       352     0    15     1     2
 -9.2210524712105613E-02 a       353     0    15     1     3
  2.0240336064271919E-01 a       354     0    15     1     4
  6.1330842898478066E-02 a       355     0    15     1     5
 -1.3119794771135637E-01 a       356     0    15     1     6
 -7.9908403817281204E-02 a       357     0    15     1     7
  2.7462236265731277E-01 a       358     0    15     1     8
  2.8590914840604383E-02 a       359     0    15     1     9
  1.0044327756258236E+00 a       360     0    15     1    10
  1.5259917017841784E+00 a       361     0    15     1    11
 -6.1412927368750481E-01 a       362     0    15     1    12
 -2.1365168381710659E-01 a       363     0    15     1    13
  2.9259306765405085E-01 a       364     0    15     1    14
  9.4463060142443411E-01 a       365     0    15     1    15
  6.5812995205091729E-01 a       366     0    15     1    16
 -3.3049652509911466E-02 a       367     0    15     1    17
  3.3530270647247479E-01 a       368     0    15     1    18
  7.1538644738676338E-01 a       369     0    15     1    19
  1.0827136342814929E+00 a       370     0    15     1    20
  1.0618964742100960E+00 a       371     0    15     1    21
  1.8345636335387070E+00 a       372     0    15     1    22
  1.5084610093281250E+00 a       373     0    15     1    23
  1.2858923720217041E-01 a       374     0    15     1    24
  9.1523244861711561E-01 a       375     0    15     1    25
  6.5697931572252410E-01 a       376     0    16     1     1
  4.4761511051250225E-01 a       377     0    16     1     2
  8.8683016879478960E-01 a       378     0    16     1     3
 -5.6681647917401812E-01 a       379     0    16     1     4
  1.5563475388664261E+00 a       380     0    16     1     5
  2.1062181475534461E-01 a       381     0    16     1     6
  9.7870136662202220E-02 a       382     0    16     1     7
  4.1795056136126690E-01 a       383     0    16     1     8
  9.8415435750700608E-01 a       384     0    16     1     9
 -4.8695930281972050E-01 a       385     0    16     1    10
  5.5500797675440205E-01 a       386     0    16     1    11
 -2.6545449465692406E-01 a       387     0    16     1    12
 -1.7456309414950782E-01 a       388     0    16     1    13
  2.2023557187596698E-01 a       389     0    16     1    14
  1.2691213505034808E+00 a       390     0    16     1    15
  9.3845115154000625E-01 a       391     0    16     1    16
 -7.7928432659779856E-01 a       392     0    16     1    17
  1.6811233988097576E-01 a       393     0    16     1    18
  1.9403573160668410E+00 a       394     0    16     1    19
  1.4821340120944702E+00 a       395     0    16     1    20
  5.3514666674883860E-01 a       396     0    16     1    21
  2.6632925183040351E-01 a       397     0    16     1    22
  1.0751098916362599E-01 a       398     0    16     1    23
 -9.6094316190733553E-01 a       399     0    16     1    24
 -1.0272676454036158E+00 a       400     0    16     1    25
 -1.3478753902143683E+00 a       401     0    17     1     1
 -2.5223213331132208E+00 a       402     0    17     1     2
  2.4332814351139045E+00 a       403     0    17     1     3
  2.3243212391014882E+00 a       404     0    17     1     4
 -3.5427006969431662E+00 a       405     0    17     1     5
  1.7487065147493184E+00 a       406     0    17     1     6
 -9.9824648885907849E-02 a       407     0    17     1     7
 -2.8374964846006745E+00 a       408     0    17     1     8
 -1.1294636619583318E+00 a       409     0    17     1     9
  3.1253379346994903E+00 a       410     0    17     1    10
  1.2027391907775464E+00 a       411     0    17     1    11
 -1.9869554006303509E+00 a       412     0    17     1    12
  1.6962932669114548E+00 a       413     0    17     1    13
 -2.9502215005015522E+00 a       414     0    17     1    14
  2.0280018588946054E+00 a       415     0    17     1    15
 -3.0971683615715309E+00 a       416     0    17     1    16
  4.0141394900115240E-01 a       417     0    17     1    17
  2.9183419577919918E+00 a       418     0    17     1    18
  1.9191452306170886E+00 a       419     0    17     1    19
 -6.2486378261930753E+00 a       420     0    17     1    20
  5.3651882076546131E-01 a       421     0    17     1    21
 -6.3596462330070236E-01 a       422     0    17     1    22
  3.2717566944859244E-01 a       423     0    17     1    23
  1.2655047254202376E+00 a       424     0    17     1    24
 -1.7237383505939852E+00 a       425     0    17     1    25
  8.0582983830569255E-01 a       426     0    18     1     1
  2.8208660115339033E+00 a       427     0    18     1     2
 -1.7218590540090375E+00 a       428     0    18     1     3
 -2.7106838703210201E-01 a       429     0    18     1     4
  2.7882944981443453E-01 a       430     0    18     1     5
 -2.8813628382165941E+00 a       431     0    18     1     6
 -4.6481261955105396E-01 a       432     0    18     1     7
  3.5123916186231732E+00 a       433     0    18     1     8
  5.0684907910930688E-01 a       434     0    18     1     9
 -2.5582521282414884E-02 a       435     0    18     1    10
  6.7856822942350781E-01 a       436     0    18     1    11
 -2.2180116171701320E-01 a       437     0    18     1    12
 -1.2833593784471196E+00 a       438     0    18     1    13
  1.7880275282707974E+00 a       439     0    18     1    14
 -1.0488973219128257E+00 a       440     0    18     1    15
  1.3489916978140957E+00 a       441     0    18     1    16
 -2.4840979118448506E-01 a       442     0    18     1    17
 -1.6437477055844815E-01 a       443     0    18     1    18
 -1.6278127396659066E+00 a       444     0    18     1    19
  1.4367163306211059E+00 a       445     0    18     1    20
 -1.8650491044665327E+00 a       446     0    18     1    21
  1.9054384443955932E+00 a       447     0    18     1    22
  1.4934027620377250E+00 a       448     0    18     1    23
 -1.7880613593097840E+00 a       449     0    18     1    24
  1.6396602906574440E-01 a       450     0    18     1    25
  1.4954249670546640E+00 a       451     0    19     1     1
  1.1327092801521668E-01 a       452     0    19     1     2
 -5.4207614058396727E+00 a       453     0    19     1     3
  1.9382061592998969E+00 a       454     0    19     1     4
  2.7055918737466707E+00 a       455     0    19     1     5
 -2.9489148651696206E+00 a       456     0    19     1     6
  1.1277937830992806E+00 a       457     0    19     1     7
 -1.3455337425946963E+00 a       458     0    19     1     8
  1.1745458738699086E+00 a       459     0    19     1     9
 -4.9429475544371437E-01 a       460     0    19     1    10
 -3.7807878329082918E+00 a       461     0    19     1    11
  4.0270253776792462E+00 a       462     0    19     1    12
 -7.9372613595291019E-02 a       463     0    19     1    13
  5.7780157381864354E+00 a       464     0    19     1    14
 -1.3345289200506747E+00 a       465     0    19     1    15
  3.7534468351186501E+00 a       466     0    19     1    16
  1.7886557345647895E+00 a       467     0    19     1    17
  1.4100281219661865E+00 a       468     0    19     1    18
  1.3923262662282507E+00 a       469     0    19     1    19
 -2.1761012497374159E-02 a       470     0    19     1    20
  1.3841309838239422E+00 a       471     0    19     1    21
  3.6780996768593105E-01 a       472     0    19     1    22
 -2.2729127009873378E+00 a       473     0    19     1    23
  2.3554846382889223E+00 a       474     0    19     1    24
 -2.4997225604837181E-01 a       475     0    19     1    25
  1.4430778200321355E+00 a       476     0    20     1     1
  5.1913512795059891E-01 a       477     0    20     1     2
  9.4977097694090420E-02 a       478     0    20     1     3
 -2.4320733072510201E+00 a       479     0    20     1     4
 -5.0259290028502335E-01 a       480     0    20     1     5
 -2.1926629342453627E+00 a       481     0    20     1     6
  1.4203290885552520E+00 a       482     0    20     1     7
 -2.4071043347296817E+00 a       483     0    20     1     8
 -2.5263385110846839E+00 a       484     0    20     1     9
  1.4383707761914888E+00 a       485     0    20     1    10
 -1.8642208646509644E+00 a       486     0    20     1    11
 -2.5573615629438118E+00 a       487     0    20     1    12
  1.8297036637957842E+00 a       488     0    20     1    13
 -2.5672064881451853E+00 a       489     0    20     1    14
  1.1108100086895671E-01 a       490     0    20     1    15
 -3.3586704779117249E+00 a       491     0    20     1    16
 -4.5758431691166124E-01 a       492     0    20     1    17
 -3.3537851574783928E+00 a       493     0    20     1    18
  1.3719463594142464E-01 a       494     0    20     1    19
  1.1663345768244069E+00 a       495     0    20     1    20
 -3.7205539060314835E-01 a       496     0    20     1    21
 -6.3367449493674322E-01 a       497     0    20     1    22
 -3.0241903057958036E-01 a       498     0    20     1    23
 -1.0599853144067557E+00 a       499     0    20     1    24
 -8.0666225210052331E-02 a       500     0    20     1    25
  2.5065642983223940E-01 a       501     0    21     1     1
  9.2174493289856696E-01 a       502     0    21     1     2
 -2.2012547245733920E+00 a       503     0    21     1     3
 -2.7595040118327248E+00 a       504     0    21     1     4
  1.3830779158339279E+00 a       505     0    21     1     5
 -1.9025006243879352E+00 a       506     0    21     1     6
 -3.0458181709447713E-01 a       507     0    21     1     7
  7.4158581738157558E-01 a       508     0    21     1     8
 -8.7391651437171403E-01 a       509     0    21     1     9
 -1.0946133744660731E+00 a       510     0    21     1    10
 -1.3198417746554628E-01 a       511     0    21     1    11
  1.2838134261525203E+00 a       512     0    21     1    12
  1.7843303186914061E-01 a       513     0    21     1    13
  8.4959891114954422E-01 a       514     0    21     1    14
 -8.7767440199232394E-01 a       515     0    21     1    15
  1.8267929296070526E+00 a       516     0    21     1    16
 -1.3746622161648165E+00 a       517     0    21     1    17
 -1.7947150204517039E+00 a       518     0    21     1    18
 -1.4219492360743660E+00 a       519     0    21     1    19
  2.7327973118427553E+00 a       520     0    21     1    20
  1.4746647362645360E+00 a       521     0    21     1    21
 -9.8409395583466197E-01 a       522     0    21     1    22
  8.0516128403567241E-02 a       523     0    21     1    23
 -1.2685561890152468E+00 a       524     0    21     1    24
  1.8064777695413716E+00 a       525     0    21     1    25
 -1.1258060990256498E+00 a       526     0    22     1     1
 -6.4369139296878819E-01 a       527     0    22     1     2
  2.2057202780609919E+00 a       528     0    22     1     3
 -3.6472090385004002E-01 a       529     0    22     1     4
 -3.3652974654276879E+00 a       530     0    22     1     5
  3.1930939626356585E+00 a       531     0    22     1     6
 -2.4585062828189295E+00 a       532     0    22     1     7
  1.8894808899879953E+00 a       533     0    22     1     8
  1.4640532965552571E+00 a       534     0    22     1     9
 -3.1279260188963436E+00 a       535     0    22     1    10
  1.6597085280062578E+00 a       536     0    22     1    11
 -2.6838834228057183E-02 a       537     0    22     1    12
 -1.0012060759147210E+00 a       538     0    22     1    13
 -9.6491831862373212E-01 a       539     0    22     1    14
  1.7251673239588996E+00 a       540     0    22     1    15
 -6.1663553198428822E-01 a       541     0    22     1    16
 -5.4502377674542765E-03 a       542     0    22     1    17
  3.1291158574992245E-01 a       543     0    22     1    18
 -2.9640054821442541E+00 a       544     0    22     1    19
 -4.5592045983879691E-02 a       545     0    22     1    20
  2.0189775951952100E+00 a       546     0    22     1    21
  1.2712850030152776E+00 a       547     0    22     1    22
  2.6191475364943093E+00 a       548     0    22     1    23
 -4.1540096916416303E-02 a       549     0    22     1    24
 -8.2182943434434649E-02 a       550     0    22     1    25
 -6.0797494578377258E-03 a       551     0    23     1     1
  2.9270341946918528E+00 a       552     0    23     1     2
  9.3042017206983851E-01 a       553     0    23     1     3
 -2.1667069186161818E+00 a       554     0    23     1     4
  1.6533445964888374E+00 a       555     0    23     1     5
 -9.9836709122634459E-01 a       556     0    23     1     6
 -3.0127993189341287E+00 a       557     0    23     1     7
  3.6183628823469056E+00 a       558     0    23     1     8
  2.5374003585847391E+00 a       559     0    23     1     9
 -8.4301406401593448E-01 a       560     0    23     1    10
  2.4074595217762318E+00 a       561     0    23     1    11
 -1.5143748740383847E+00 a       562     0    23     1    12
 -2.2726399278557246E+00 a       563     0    23     1    13
  2.1858270500841663E+00 a       564     0    23     1    14
  6.9932647619086041E-01 a       565     0    23     1    15
 -2.7462437130981683E+00 a       566     0    23     1    16
  3.3650974445154471E+00 a       567     0    23     1    17
  2.7025735986754422E+00 a       568     0    23     1    18
 -1.6793785758217991E-01 a       569     0    23     1    19
  1.1958792708896346E+00 a       570     0    23     1    20
 -3.7867410488081301E+00 a       571     0    23     1    21
 -9.6225588316687427E-01 a       572     0    23     1    22
  2.7692747554215598E+00 a       573     0    23     1    23
  4.0944321779524279E-01 a       574     0    23     1    24
  1.8581171136601485E-01 a       575     0    23     1    25
 -1.0859670305735682E-01 a       576     0    24     1     1
 -2.5569382725322320E+00 a       577     0    24     1     2
  3.7258679013748490E+00 a       578     0    24     1     3
  5.5399482477309014E+00 a       579     0    24     1     4
 -2.3782785412151068E+00 a       580     0    24     1     5
 -1.3753879271410256E+00 a       581     0    24     1     6
  4.7639199781240498E+00 a       582     0    24     1     7
 -1.2414547714469939E+00 a       583     0    24     1     8
  2.0988813526231835E+00 a       584     0    24     1     9
 -2.9300241758643836E-01 a       585     0    24     1    10
  2.5964474505310351E+00 a       586     0    24     1    11
 -1.5734211642638468E-01 a       587     0    24     1    12
  5.9953248127543635E-01 a       588     0    24     1    13
 -2.2698637869668818E+00 a       589     0    24     1    14
  1.7100208756772479E+00 a       590     0    24     1    15
 -1.8790745904394657E-01 a       591     0    24     1    16
 -2.6987239145061923E+00 a       592     0    24     1    17
 -1.3217293979156850E+00 a       593     0    24     1    18
 -2.1188974220019771E-01 a       594     0    24     1    19
 -2.3680566946263402E+00 a       595     0    24     1    20
 -1.0563496873070126E+00 a       596     0    24     1    21
  4.5149533795054335E+00 a       597     0    24     1    22
 -1.6500564658207775E+00 a       598     0    24     1    23
  3.7522372769851636E-01 a       599     0    24     1    24
  1.6946574941348187E+00 a       600     0    24     1    25
  1.2418929707954078E+00 a       601     0    25     1     1
  2.0532156360980799E-01 a       602     0    25     1     2
 -3.9296702051656682E+00 a       603     0    25     1     3
 -2.4305601059779431E+00 a       604     0    25     1     4
 -5.3473756079443813E-01 a       605     0    25     1     5
  2.5176436421564814E+00 a       606     0    25     1     6
  3.9099465568226441E+00 a       607     0    25     1     7
 -1.6175018766654747E+00 a       608     0    25     1     8
 -5.9278285594796332E-01 a       609     0    25     1     9
 -5.9575853295635262E-01 a       610     0    25     1    10
 -1.7160458151392359E+00 a       611     0    25     1    11
  1.2252596836988123E+00 a       612     0    25     1    12
  1.3048148889279141E+00 a       613     0    25     1    13
  6.8944760194175381E-01 a       614     0    25     1    14
 -7.9733055559286969E-01 a       615     0    25     1    15
  4.2305103238190772E-01 a       616     0    25     1    16
 -3.3799906784640066E+00 a       617     0    25     1    17
 -5.3775216571096462E-01 a       618     0    25     1    18
  8.3550916314789370E-01 a       619     0    25     1    19
  3.9525031264174957E+00 a       620     0    25     1    20
  4.3587983253044298E+00 a       621     0    25     1    21
 -1.7161520818368547E+00 a       622     0    25     1    22
 -6.2289214390630110E-01 a       623     0    25     1    23
 -7.1487074579692689E-01 a       624     0    25     1    24
 -2.7393250424873243E+00 a       625     0    25     1    25
  3.3340114223003708E-01 a       626     0    26     1     1
 -5.2750031247726703E-01 a       627     0    26     1     2
 -5.3897377215194888E+00 a       628     0    26     1     3
 -1.1614014130951074E+00 a       629     0    26     1     4
  2.6777182757812725E+00 a       630     0    26     1     5
 -1.0369711835891540E+00 a       631     0    26     1     6
  2.0006721947858672E+00 a       632     0    26     1     7
 -4.5110838152111910E-01 a       633     0    26     1     8
 -7.8725232518621291E-01 a       634     0    26     1     9
  1.5440628348340908E+00 a       635     0    26     1    10
  1.4744065162554476E+00 a       636     0    26     1    11
 -3.1890854127423047E+00 a       637     0    26     1    12
  2.7164620265257100E+00 a       638     0    26     1    13
  2.7313589281978987E+00 a       639     0    26     1    14
 -1.7940561204043368E+00 a       640     0    26     1    15
  3.4122281788730779E+00 a       641     0    26     1    16
  1.6131427737649735E+00 a       642     0    26     1    17
 -2.0286856423634188E+00 a       643     0    26     1    18
 -2.2071668458074689E+00 a       644     0    26     1    19
  2.0475301540772746E+00 a       645     0    26     1    20
 -1.5766946037377958E+00 a       646     0    26     1    21
 -1.1976838095793809E+00 a       647     0    26     1    22
 -9.0726949083570985E-01 a       648     0    26     1    23
 -2.2519882353818317E+00 a       649     0    26     1    24
 -1.6547443104878954E+00 a       650     0    26     1    25
 -5.2508662338402354E+00 a       651     0    27     1     1
 -1.6401836113799413E+00 a       652     0    27     1     2
  2.1188759082437558E+00 a       653     0    27     1     3
  6.6037423971210680E+00 a       654     0    27     1     4
 -3.4752132893384418E+00 a       655     0    27     1     5
 -1.2301225088737884E+00 a       656     0    27     1     6
 -1.8888256394809904E+00 a       657     0    27     1     7
  4.1408192631984111E+00 a       658     0    27     1     8
  2.5770447742074971E+00 a       659     0    27     1     9
  5.7815988146950472E+00 a       660     0    27     1    10
  3.8669602501070410E+00 a       661     0    27     1    11
 -3.7900191591402916E+00 a       662     0    27     1    12
  2.8204472468877451E+00 a       663     0    27     1    13
 -1.8391888658440838E+00 a       664     0    27     1    14
  4.2927655477270212E+00 a       665     0    27     1    15
 -6.2593432994604140E-02 a       666     0    27     1    16
 -9.4368782513775773E-01 a       667     0    27     1    17
  3.8540272280702323E+00 a       668     0    27     1    18
  1.2033091328805166E+00 a       669     0    27     1    19
 -5.0738932930786029E-01 a       670     0    27     1    20
 -1.5276812047385138E+00 a       671     0    27     1    21
 -6.1032376119421139E+00 a       672     0    27     1    22
  2.9281705179255839E+00 a       673     0    27     1    23
  1.7129622652322569E+00 a       674     0    27     1    24
 -1.9994296635211797E-01 a       675     0    27     1    25
  3.7727652866851108E-01 a       676     0    28     1     1
  8.4735904586989463E-01 a       677     0    28     1     2
  3.1930559844020676E+00 a       678     0    28     1     3
 -3.5801252490154387E+00 a       679     0    28     1     4
  3.4677633354426538E+00 a       680     0    28     1     5
  3.2939248432699069E+00 a       681     0    28     1     6
 -3.7082193466951621E+00 a       682     0    28     1     7
 -2.8433599892398748E-01 a       683     0    28     1     8
 -1.0996211625185992E+00 a       684     0    28     1     9
 -2.9318890880443562E+00 a       685     0    28     1    10
  1.2943107030175627E+00 a       686     0    28     1    11
  3.0224368463012357E+00 a       687     0    28     1    12
 -1.8499306510011970E+00 a       688     0    28     1    13
  1.3186142454054657E+00 a       689     0    28     1    14
  1.1112854344213308E+00 a       690     0    28     1    15
  1.2697135616254271E+00 a       691     0    28     1    16
  1.8435796654131265E+00 a       692     0    28     1    17
 -5.4369315941713803E-01 a       693     0    28     1    18
 -1.7794379585612101E+00 a       694     0    28     1    19
 -2.2465732927936037E+00 a       695     0    28     1    20
 -7.9263755111703516E-01 a       696     0    28     1    21
  3.8992213647235280E-01 a       697     0    28     1    22
 -2.5426704080831464E-01 a       698     0    28     1    23
 -1.9466977398327061E+00 a       699     0    28     1    24
 -1.2372061208819785E+00 a       700     0    28     1    25
  7.5132814500981115E-01 a       701     0    29     1     1
 -4.1738176356736711E-01 a       702     0    29     1     2
  8.6653468537262357E-01 a       703     0    29     1     3
 -1.6531468114616452E+00 a       704     0    29     1     4
  8.1542353249614997E-03 a       705     0    29     1     5
  9.8358934319773939E-01 a       706     0    29     1     6
 -1.5334684562877547E+00 a       707     0    29     1     7
 -1.6410788610805360E+00 a       708     0    29     1     8
 -1.4620501862209350E+00 a       709     0    29     1     9
  1.3891136191320064E+00 a       710     0    29     1    10
 -2.4926348886379182E+00 a       711     0    29     1    11
  7.0429598742593269E-01 a       712     0    29     1    12
  2.2449069957060090E+00 a       713     0    29     1    13
  3.4041807143010450E-01 a       714     0    29     1    14
  4.7996592309979247E-01 a       715     0    29     1    15
  6.6674753606063689E-02 a       716     0    29     1    16
 -7.9372530468502267E-01 a       717     0    29     1    17
 -2.2726479250352605E+00 a       718     0    29     1    18
  1.4616163825213735E+00 a       719     0    29     1    19
 -9.5200923958760952E-01 a       720     0    29     1    20
  4.3381045427066933E-01 a       721     0    29     1    21
  6.8617783901247886E-01 a       722     0    29     1    22
 -2.7327353634368867E-01 a       723     0    29     1    23
  2.1825951991322579E+00 a       724     0    29     1    24
  4.1878321084330344E-02 a       725     0    29     1    25
  2.3404642058383160E-01 a       726     0    30     1     1
  3.3396084584122565E-01 a       727     0    30     1     2
  1.4244488428101018E-01 a       728     0    30     1     3
  1.4840116806506687E-01 a       729     0    30     1     4
 -6.9373132322725961E-01 a       730     0    30     1     5
  1.1627682115132507E+00 a       731     0    30     1     6
 -1.6677540767138521E+00 a       732     0    30     1     7
 -4.1092119650404890E-01 a       733     0    30     1     8
 -9.9228695668718969E-01 a       734     0    30     1     9
 -7.9921482482922579E-01 a       735     0    30     1    10
 -2.1793312868287864E+00 a       736     0    30     1    11
  1.5404900890090025E+00 a       737     0    30     1    12
 -1.5197887652405822E+00 a       738     0    30     1    13
 -2.4648524618607053E-02 a       739     0    30     1    14
 -2.3363201165064833E+00 a       740     0    30     1    15
  7.2913143675869985E-02 a       741     0    30     1    16
 -1.0384992098314787E+00 a       742     0    30     1    17
 -6.9551802573483978E-01 a       743     0    30     1    18
 -5.7234539865492196E-01 a       744     0    30     1    19
 -2.8572770647453538E-01 a       745     0    30     1    20
  8.5865845709294886E-01 a       746     0    30     1    21
 -5.3512183125062907E-01 a       747     0    30     1    22
 -1.0052903048945812E+00 a       748     0    30     1    23
  1.6167258603867709E+00 a       749     0    30     1    24
  1.2077534108207320E+00 a       750     0    30     1    25
  7.8173163039246638E-02 b       751     1     1
 -7.0472119324453590E-03 b       752     1     2
  1.2517249926500557E-01 b       753     1     3
  6.3494238476771964E-02 b       754     1     4
 -4.7660478470326659E-02 b       755     1     5
 -1.6772393472178102E-01 b       756     1     6
 -8.0542852238235235E-02 b       757     1     7
  2.9783121648464500E-02 b       758     1     8
 -1.7440677303739244E-02 b       759     1     9
  1.1858911768562691E-01 b       760     1    10
 -6.0772285710463864E-02 b       761     1    11
  1.7271511870457817E-02 b       762     1    12
 -2.2085711038268796E-01 b       763     1    13
 -7.2176946116052076E-03 b       764     1    14
  7.7468578529241550E-02 b       765     1    15
 -5.3177104478400725E-02 b       766     1    16
 -7.0321365813934528E-02 b       767     1    17
 -1.1572046080644033E-01 b       768     1    18
 -1.5461466526726297E-01 b       769     1    19
  9.3085125483615389E-02 b       770     1    20
 -8.9361192457724156E-03 b       771     1    21
  1.6879967486994770E-02 b       772     1    22
 -7.0134913562136691E-02 b       773     1    23
 -4.2742599296754863E-02 b       774     1    24
  1.7214645315400742E-01 b       775     1    25
  9.0353347344482426E-01 a       776     1     1     2     1
  3.9148550917840824E-01 a       777     1     1     2     2
 -3.0873125366529766E+00 a       778     1     1     2     3
  1.4332475386730330E+00 a       779     1     1     2     4
  1.5637832087599137E+00 a       780     1     1     2     5
 -8.2139628592255320E-01 a       781     1     1     2     6
  1.1351509095307588E+00 a       782     1     1     2     7
 -1.3582560221088682E+00 a       783     1     1     2     8
  2.1915237083698047E+00 a       784     1     1     2     9
  8.7246671671383269E-01 a       785     1     1     2    10
  2.9070071078430102E+00 a       786     1     1     2    11
 -2.5538332212502346E+00 a       787     1     1     2    12
  7.9089268360657916E-01 a       788     1     1     2    13
 -2.1524083891773929E+00 a       789     1     1     2    14
 -5.3701709271129658E+00 a       790     1     1     2    15
  3.3326776075771423E+00 a       791     1     1     2    16
  4.6826181329811972E-01 a       792     1     1     2    17
  1.9802892090190263E+00 a       793     1     1     2    18
  2.4585580206178026E+00 a       794     1     1     2    19
  1.7195548886571002E-01 a       795     1     1     2    20
  8.0874549446747035E-01 a       796     1     1     2    21
 -7.4244588241730386E-02 a       797     1     1     2    22
  1.7879466358246570E+00 a       798     1     1     2    23
  1.3707139679477294E+00 a       799     1     1     2    24
 -1.7040323523951042E+00 a       800     1     1     2    25
  9.2591511493968570E-01 a       801     1     2     2     1
 -5.8727307408177831E-01 a       802     1     2     2     2
  2.3957900195874591E+00 a       803     1     2     2     3
 -9.7764001942976342E-01 a       804     1     2     2     4
  1.1228778207514679E-01 a       805     1     2     2     5
  6.9999466838349511E-02 a       806     1     2     2     6
 -5.3217182948988473E-01 a       807     1     2     2     7
 -1.2176971746889778E+00 a       808     1     2     2     8
 -6.3052873812433097E-01 a       809     1     2     2     9
 -1.9644251224454361E+00 a       810     1     2     2    10
  7.6390532771290626E-02 a       811     1     2     2    11
 -7.3777347970656060E-01 a       812     1     2     2    12
  5.2193534007318476E-01 a       813     1     2     2    13
 -1.8307796289663134E+00 a       814     1     2     2    14
 -2.6752862902672878E+00 a       815     1     2     2    15
 -2.5208621466852441E+00 a       816     1     2     2    16
  2.8015231637394513E+00 a       817     1     2     2    17
 -1.0089439938550404E+00 a       818     1     2     2    18
 -1.5530358102097239E+00 a       819     1     2     2    19
  6.2853672075991684E-01 a       820     1     2     2    20
 -5.9870743886918054E-01 a       821     1     2     2    21
 -3.8683850925769125E-01 a       822     1     2     2    22
 -1.3731787836785474E+00 a       823     1     2     2    23
 -7.2402057556777299E-01 a       824     1     2     2    24
 -4.5647384325758950E-01 a       825     1     2     2    25
 -1.7532760374873575E+00 a       826     1     3     2     1
  1.2297316670189873E+00 a       827     1     3     2     2
 -2.7531495516499738E+00 a       828     1     3     2     3
  1.7636560045994449E+00 a       829     1     3     2     4
  1.2648911927501465E+00 a       830     1     3     2     5
  7.1313101388447231E-01 a       831     1     3     2     6
  5.5535358377157862E-01 a       832     1     3     2     7
  3.1491313213035554E+00 a       833     1     3     2     8
 -7.1823027041911680E-01 a       834     1     3     2     9
  1.1285043712703782E+00 a       835     1     3     2    10
  4.1639232709199486E-01 a       836     1     3     2    11
  1.4506583167807596E+00 a       837     1     3     2    12
 -1.1679861609958655E+00 a       838     1     3     2    13
 -9.5882306169327325E-01 a       839     1     3     2    14
  4.0539607439325373E-02 a       840     1     3     2    15
  3.5775222165652915E-01 a       841     1     3     2    16
 -1.7946351058608241E+00 a       842     1     3     2    17
 -1.3932395325853755E+00 a       843     1     3     2    18
  1.9153419994622585E+00 a       844     1     3     2    19
  2.8217343436156522E-01 a       845     1     3     2    20
 -9.7080602917837211E-01 a       846     1     3     2    21
  2.6745835049026043E-02 a       847     1     3     2    22
  3.9102504044481687E+00 a       848     1     3     2    23
  7.3398956535247650E-01 a       849     1     3     2    24
 -1.5194147715224355E+00 a       850     1     3     2    25
  1.7961689583267986E+00 a       851     1     4     2     1
  2.4444582932446952E+00 a       852     1     4     2     2
  5.3043527829092225E+00 a       853     1     4     2     3
 -1.7692791563454882E+00 a       854     1     4     2     4
  6.5086143749778003E-01 a       855     1     4     2     5
  8.0523491340053988E-01 a       856     1     4     2     6
  2.1316521758366316E-01 a       857     1     4     2     7
 -4.5478248368878710E-01 a       858     1     4     2     8
  2.7001961464095290E+00 a       859     1     4     2     9
  1.9688795819327998E-01 a       860     1     4     2    10
 -8.9024627650511123E-01 a       861     1     4     2    11
  3.1018108621224116E+00 a       862     1     4     2    12
 -4.5830840392847333E-01 a       863     1     4     2    13
 -1.6547322594464975E+00 a       864     1     4     2    14
 -2.6287884896288252E+00 a       865     1     4     2    15
 -1.4213592323611122E+00 a       866     1     4     2    16
 -1.4442902160649673E-01 a       867     1     4     2    17
 -1.7497868390718327E+00 a       868     1     4     2    18
 -4.9893013602943614E-01 a       869     1     4     2    19
 -4.8926324483183636E-01 a       870     1     4     2    20
  3.2042845866010733E-01 a       871     1     4     2    21
 -6.7544746027276126E-01 a       872     1     4     2    22
  1.0528020928607253E+00 a       873     1     4     2    23
 -2.5655082934519085E+00 a       874     1     4     2    24
  1.7529644787120018E+00 a       875     1     4     2    25
  5.4506839438301535E-01 a       876     1     5     2     1
 -5.9764346434853610E-01 a       877     1     5     2     2
 -4.6444171226120545E+00 a       878     1     5     2     3
  8.5369051679173569E-01 a       879     1     5     2     4
 -7.7731357778138299E-01 a       880     1     5     2     5
  1.3666908804501418E-01 a       881     1     5     2     6
  3.2710463553377800E-01 a       882     1     5     2     7
  3.0100780914678504E-01 a       883     1     5     2     8
  2.7592010757208074E-01 a       884     1     5     2     9
 -6.3788994720045222E-01 a       885     1     5     2    10
  2.7853973871594495E+00 a       886     1     5     2    11
  3.0415000115535653E+00 a       887     1     5     2    12
 -1.4874378019140353E+00 a       888     1     5     2    13
  2.4597955945501360E+00 a       889     1     5     2    14
  1.2652261057977965E+00 a       890     1     5     2    15
 -1.5790956439668165E+00 a       891     1     5     2    16
  9.4930490479203944E-01 a       892     1     5     2    17
  2.8087839961812948E+00 a       893     1     5     2    18
  6.7663979327712509E-01 a       894     1     5     2    19
 -1.1139752595617269E-01 a       895     1     5     2    20
 -1.1190305203363942E+00 a       896     1     5     2    21
 -1.8800518034357574E+00 a       897     1     5     2    22
 -9.2634446605646648E-01 a       898     1     5     2    23
 -6.8136458444024040E-01 a       899     1     5     2    24
 -1.8543893612249929E+00 a       900     1     5     2    25
 -2.0130987603580199E+00 a       901     1     6     2     1
  1.7232407229663451E+00 a       902     1     6     2     2
 -3.4089714126630222E+00 a       903     1     6     2     3
 -5.8739539189699752E-01 a       904     1     6     2     4
  1.2438823033065194E+00 a       905     1     6     2     5
  6.8757943420311640E-01 a       906     1     6     2     6
 -1.2887356414210200E+00 a       907     1     6     2     7
  3.5051388406031014E-01 a       908     1     6     2     8
  7.5564729767698555E-02 a       909     1     6     2     9
  2.8534658809412833E-01 a       910     1     6     2    10
 -3.6571213458621393E-01 a       911     1     6     2    11
 -9.4727807717844670E-01 a       912     1     6     2    12
 -1.0076698337957832E+00 a       913     1     6     2    13
 -8.0265029549552147E-01 a       914     1     6     2    14
 -2.4564670290831185E+00 a       915     1     6     2    15
 -6.3759080251411249E-02 a       916     1     6     2    16
  1.3557073057430833E+00 a       917     1     6     2    17
  1.7035109320312771E+00 a       918     1     6     2    18
 -5.1640463890522692E-01 a       919     1     6     2    19
  2.0947764347356648E-02 a       920     1     6     2    20
 -1.2091125441198210E-01 a       921     1     6     2    21
  1.8727954107222536E-01 a       922     1     6     2    22
  1.5455298647369970E+00 a       923     1     6     2    23
 -5.3661594609207808E-01 a       924     1     6     2    24
  1.9704550095027964E+00 a       925     1     6     2    25
  4.7648453661948897E-01 a       926     1     7     2     1
 -1.1322962194062565E+00 a       927     1     7     2     2
 -2.0186708924806132E+00 a       928     1     7     2     3
  2.3061098520386797E-01 a       929     1     7     2     4
  8.4004196984136914E-01 a       930     1     7     2     5
  5.2913439805334694E-01 a       931     1     7     2     6
 -1.0198071832462792E+00 a       932     1     7     2     7
  2.2777073629809910E-01 a       933     1     7     2     8
  5.1518165337336275E-01 a       934     1     7     2     9
  9.7094449015842010E-01 a       935     1     7     2    10
  1.5301943886195033E+00 a       936     1     7     2    11
 -7.1510581499403414E-01 a       937     1     7     2    12
 -3.0227957581281284E-01 a       938     1     7     2    13
  1.2214620432369745E+00 a       939     1     7     2    14
 -2.9085490910124917E-01 a       940     1     7     2    15
  4.6142196675624636E-01 a       941     1     7     2    16
 -1.3600119226637359E+00 a       942     1     7     2    17
  2.9185718514791028E+00 a       943     1     7     2    18
  3.0981447078076516E+00 a       944     1     7     2    19
 -5.1552538885201371E-01 a       945     1     7     2    20
 -2.5849879858367668E+00 a       946     1     7     2    21
 -3.1370217567101197E+00 a       947     1     7     2    22
  1.2547741562283043E-01 a       948     1     7     2    23
 -2.3469407059532315E+00 a       949     1     7     2    24
  1.3478645446824683E-01 a       950     1     7     2    25
  3.0079803985504707E+00 a       951     1     8     2     1
 -4.3274843848941125E-01 a       952     1     8     2     2
  1.0796200263757907E+00 a       953     1     8     2     3
 -5.6601428438224066E-01 a       954     1     8     2     4
 -2.3060603930631598E+00 a       955     1     8     2     5
 -1.6582213821377030E+00 a       956     1     8     2     6
 -1.8423994605712570E+00 a       957     1     8     2     7
 -3.9431134275807100E-01 a       958     1     8     2     8
 -4.8005425304539945E-01 a       959     1     8     2     9
  2.6718156387471809E-01 a       960     1     8     2    10
  1.1694364504995995E-01 a       961     1     8     2    11
 -1.0276729057445699E+00 a       962     1     8     2    12
 -5.2810026591209058E-01 a       963     1     8     2    13
  3.1248073942925364E-01 a       964     1     8     2    14
  2.2652331445300704E+00 a       965     1     8     2    15
  3.6326359973796674E-01 a       966     1     8     2    16
 -9.9414280413899503E-01 a       967     1     8     2    17
  8.6053194278375089E-01 a       968     1     8     2    18
 -1.1635842904957798E+00 a       969     1     8     2    19
  3.4415553799298260E-01 a       970     1     8     2    20
 -4.6316478463851074E-01 a       971     1     8     2    21
 -3.8515809959371333E-01 a       972     1     8     2    22
 -4.2429699820470992E+00 a       973     1     8     2    23
 -4.7237744860145142E-01 a       974     1     8     2    24
 -5.5733711267145636E-01 a       975     1     8     2    25
 -1.2985339646436256E+00 a       976     1     9     2     1
 -3.4427134756512290E+00 a       977     1     9     2     2
  1.7539320116317889E+00 a       978     1     9     2     3
 -4.6308230624644453E-01 a       979     1     9     2     4
  2.7005134162905242E+00 a       980     1     9     2     5
 -1.8300692065150101E+00 a       981     1     9     2     6
  1.4683774456376488E+00 a       982     1     9     2     7
 -7.0411713435807632E-01 a       983     1     9     2     8
  5.5056871120371942E-01 a       984     1     9     2     9
 -8.5996368525232891E-01 a       985     1     9     2    10
  5.0133688123864528E-01 a       986     1     9     2    11
  9.0901594133650465E-01 a       987     1     9     2    12
  2.1804976923784922E+00 a       988     1     9     2    13
 -1.8888104042570888E+00 a       989     1     9     2    14
  1.9001346430701782E+00 a       990     1     9     2    15
  4.7628094481063082E-01 a       991     1     9     2    16
  1.4625828581353975E+00 a       992     1     9     2    17
 -2.8959348142623176E+00 a       993     1     9     2    18
  9.6344515705939571E-01 a       994     1     9     2    19
  9.6042488870568099E-01 a       995     1     9     2    20
 -2.8866845212797887E-01 a       996     1     9     2    21
  2.5679555953705935E-01 a       997     1     9     2    22
  4.6533954446401121E-01 a       998     1     9     2    23
 -4.9259197318464504E-01 a       999     1     9     2    24
  1.0959126621682378E+00 a      1000     1     9     2    25
  2.7008539422769212E-01 a      1001     1    10     2     1
  3.6171057969910274E+00 a      1002     1    10     2     2
  1.6688614056900402E-02 a      1003     1    10     2     3
 -9.9096961687710955E-02 a      1004     1    10     2     4
  5.1365850252776135E-01 a      1005     1    10     2     5
  1.2620391983316355E+00 a      1006     1    10     2     6
  1.5643087815404613E-01 a      1007     1    10     2     7
 -9.1151787811269247E-01 a      1008     1    10     2     8
 -1.1667097885635020E+00 a      1009     1    10     2     9
  2.8308596659473585E-02 a      1010     1    10     2    10
 -4.3139820216697639E-01 a      1011     1    10     2    11
  2.4027206940518339E-01 a      1012     1    10     2    12
 -6.4384187103045110E-01 a      1013     1    10     2    13
  4.9405978934969852E-01 a      1014     1    10     2    14
  1.7293898579004179E+00 a      1015     1    10     2    15
 -3.3796265081159804E-01 a      1016     1    10     2    16
 -2.3813295744632151E-01 a      1017     1    10     2    17
 -6.9886751526844892E-01 a      1018     1    10     2    18
 -1.0813296264748604E+00 a      1019     1    10     2    19
 -9.7546626208840181E-01 a      1020     1    10     2    20
  5.2927571914883909E-01 a      1021     1    10     2    21
 -6.4097482858862653E-01 a      1022     1    10     2    22
  4.0587079455023434E-01 a      1023     1    10     2    23
 -1.4458728671830654E+00 a      1024     1    10     2    24
  5.4689383869678410E-01 a      1025     1    10     2    25
  2.2462212295664025E-01 a      1026     1    11     2     1
  3.8685473904995021E-02 a      1027     1    11     2     2
 -3.7609597141907978E+00 a      1028     1    11     2     3
  8.6170306006093511E-01 a      1029     1    11     2     4
  6.5991866026262492E-03 a      1030     1    11     2     5
 -9.1462813371178148E-02 a      1031     1    11     2     6
  7.5374971123469359E-01 a      1032     1    11     2     7
  3.2634352940330222E-02 a      1033     1    11     2     8
  4.5019851700253849E-01 a      1034     1    11     2     9
  3.4705502400238358E-01 a      1035     1    11     2    10
 -4.4964282571467097E-02 a      1036     1    11     2    11
  9.9578491643650269E-01 a      1037     1    11     2    12
  1.0868383595219959E+00 a      1038     1    11     2    13
  9.0300213339339863E-01 a      1039     1    11     2    14
  1.5563048843305831E+00 a      1040     1    11     2    15
  2.2344183663297050E+00 a      1041     1    11     2    16
 -1.5489619979313387E+00 a      1042     1    11     2    17
 -7.3042832768533161E-01 a      1043     1    11     2    18
  8.0185003189906373E-02 a      1044     1    11     2    19
 -8.2764426994655527E-01 a      1045     1    11     2    20
 -1.7720066903200302E-01 a      1046     1    11     2    21
  1.8671806313149725E-01 a      1047     1    11     2    22
 -4.7378107881811134E-02 a      1048     1    11     2    23
  4.5388934999395791E-01 a      1049     1    11     2    24
 -8.3619376952448299E-01 a      1050     1    11     2    25
  1.3845583815649218E+00 a      1051     1    12     2     1
 -1.1090859986144355E+00 a      1052     1    12     2     2
 -7.9619209627714715E-01 a      1053     1    12     2     3
  1.1851176263711267E+00 a      1054     1    12     2     4
 -8.5057309830124703E-02 a      1055     1    12     2     5
 -1.7491774656298846E+00 a      1056     1    12     2     6
 -9.9583512277142994E-01 a      1057     1    12     2     7
 -8.6281034328232997E-01 a      1058     1    12     2     8
  5.0516341999252901E-01 a      1059     1    12     2     9
 -3.1097816963831195E+00 a      1060     1    12     2    10
 -1.3440564907833177E+00 a      1061     1    12     2    11
 -5.5296932847512137E-01 a      1062     1    12     2    12
  5.4295393762688693E-01 a      1063     1    12     2    13
 -7.2951609075607637E-01 a      1064     1    12     2    14
  2.3187440771556052E+00 a      1065     1    12     2    15
 -1.3188758699959753E+00 a      1066     1    12     2    16
  1.1949376591449410E+00 a      1067     1    12     2    17
  1.8054792636460612E-01 a      1068     1    12     2    18
 -1.5490332752280886E+00 a      1069     1    12     2    19
  2.0983792221918726E-01 a      1070     1    12     2    20
 -9.2442532843203673E-01 a      1071     1    12     2    21
  1.4477220234330630E+00 a      1072     1    12     2    22
 -3.5609575616483835E-01 a      1073     1    12     2    23
 -9.4893421802327835E-02 a      1074     1    12     2    24
 -1.2679085303285029E+00 a      1075     1    12     2    25
  1.7941976698529898E+00 a      1076     1    13     2     1
  5.9525337800558975E-01 a      1077     1    13     2     2
  2.2995645076193085E+00 a      1078     1    13     2     3
  5.7456658862555110E-01 a      1079     1    13     2     4
  1.1251764888238565E+00 a      1080     1    13     2     5
  6.4448428688661752E-01 a      1081     1    13     2     6
 -5.0913456440408944E-01 a      1082     1    13     2     7
  5.9379414009883580E-01 a      1083     1    13     2     8
 -1.6726974237532817E+00 a      1084     1    13     2     9
  2.6594397796259417E-01 a      1085     1    13     2    10
  5.2021807571569745E-01 a      1086     1    13     2    11
  3.6245128916435665E-01 a      1087     1    13     2    12
  1.8440545939980523E-02 a      1088     1    13     2    13
  1.5144456777321980E+00 a      1089     1    13     2    14
 -1.6841520814870745E+00 a      1090     1    13     2    15
  1.6985114235067085E+00 a      1091     1    13     2    16
  7.6964913569694138E-01 a      1092     1    13     2    17
  1.3628623859044670E-01 a      1093     1    13     2    18
  9.6174916203128158E-01 a      1094     1    13     2    19
 -2.5871365469516544E-01 a      1095     1    13     2    20
  6.2406446813717364E-01 a      1096     1    13     2    21
 -4.2569721650756326E-01 a      1097     1    13     2    22
  1.1725788320814856E+00 a      1098     1    13     2    23
  9.9351181288085744E-01 a      1099     1    13     2    24
 -1.4016952042327895E+00 a      1100     1    13     2    25
 -6.1784968593790612E-01 a      1101     1    14     2     1
  2.7486106375125141E-01 a      1102     1    14     2     2
 -1.7147497301879617E+00 a      1103     1    14     2     3
  6.0416289139899204E-01 a      1104     1    14     2     4
 -5.4466851847003128E-01 a      1105     1    14     2     5
  1.7257092456556841E-01 a      1106     1    14     2     6
 -1.1307419724375909E+00 a      1107     1    14     2     7
  1.2635207795392238E+00 a      1108     1    14     2     8
 -1.4866815957113340E+00 a      1109     1    14     2     9
 -6.9839487898642860E-01 a      1110     1    14     2    10
 -1.2410437954725815E+00 a      1111     1    14     2    11
 -1.3501868165148412E-01 a      1112     1    14     2    12
 -8.6657272110653660E-01 a      1113     1    14     2    13
 -4.5470484085905633E-01 a      1114     1    14     2    14
 -1.8167828596041060E+00 a      1115     1    14     2    15
 -4.0077262678728269E+00 a      1116     1    14     2    16
  1.2730677800015275E+00 a      1117     1    14     2    17
  1.9789703457273244E+00 a      1118     1    14     2    18
 -5.4302101672376459E-02 a      1119     1    14     2    19
 -9.5539897921120709E-01 a      1120     1    14     2    20
 -1.5422336923490823E+00 a      1121     1    14     2    21
  1.1428100177524476E+00 a      1122     1    14     2    22
 -1.1358096553950933E-01 a      1123     1    14     2    23
  5.5014266862096561E-01 a      1124     1    14     2    24
 -1.2610894936421593E+00 a      1125     1    14     2    25
  7.2588835358103410E-01 a      1126     1    15     2     1
 -3.3960803754352809E-01 a      1127     1    15     2     2
 -3.1088486290973005E-01 a      1128     1    15     2     3
 -1.8472452964053703E+00 a      1129     1    15     2     4
 -1.2030014934807354E+00 a      1130     1    15     2     5
  1.1480286782611022E+00 a      1131     1    15     2     6
  1.6441380430948971E-01 a      1132     1    15     2     7
 -2.8119270609298401E+00 a      1133     1    15     2     8
  6.1504533872076238E-02 a      1134     1    15     2     9
  1.6299296257366438E+00 a      1135     1    15     2    10
  6.0101789792465199E-01 a      1136     1    15     2    11
  1.0164587538583145E+00 a      1137     1    15     2    12
 -8.0224119138320327E-01 a      1138     1    15     2    13
  1.3530095846737180E+00 a      1139     1    15     2    14
  3.1465454595814495E+00 a      1140     1    15     2    15
  3.2202233641769973E-01 a      1141     1    15     2    16
  6.3474148237005501E-01 a      1142     1    15     2    17
 -2.3647770146307110E+00 a      1143     1    15     2    18
 -2.6153676225365435E-01 a      1144     1    15     2    19
 -1.9456206799510851E+00 a      1145     1    15     2    20
  5.6537294217761702E-01 a      1146     1    15     2    21
 -9.2455333140496176E-01 a      1147     1    15     2    22
 -3.1335683409990783E-01 a      1148     1    15     2    23
 -1.2622030246497007E+00 a      1149     1    15     2    24
 -9.4699657873050824E-01 a      1150     1    15     2    25
 -4.7480730995751619E-02 a      1151     1    16     2     1
  3.1795739249297567E-01 a      1152     1    16     2     2
 -2.7305615895077001E-01 a      1153     1    16     2     3
  9.6475063436713837E-01 a      1154     1    16     2     4
  3.4182204582646911E-02 a      1155     1    16     2     5
 -3.1381306148154064E-01 a      1156     1    16     2     6
  1.0011545209838397E+00 a      1157     1    16     2     7
  1.0325268220012300E+00 a      1158     1    16     2     8
  1.1387263484419032E+00 a      1159     1    16     2     9
 -1.3054251303317019E-01 a      1160     1    16     2    10
 -3.6687192731491108E-01 a      1161     1    16     2    11
 -9.8423228377134608E-01 a      1162     1    16     2    12
 -1.0680221712035582E+00 a      1163     1    16     2    13
 -2.0712957056282993E-01 a      1164     1    16     2    14
 -6.0056852998860659E+00 a      1165     1    16     2    15
  4.3713661259719716E+00 a      1166     1    16     2    16
 -9.2715051977852481E-01 a      1167     1    16     2    17
  1.1707762466105289E+00 a      1168     1    16     2    18
  3.8088231684521183E-02 a      1169     1    16     2    19
 -1.9828226352271565E+00 a      1170     1    16     2    20
  1.7283150612267999E+00 a      1171     1    16     2    21
  1.4664024591385871E+00 a      1172     1    16     2    22
  8.6835865248667998E-01 a      1173     1    16     2    23
  1.3851760319696199E-02 a      1174     1    16     2    24
 -2.6862584214679561E+00 a      1175     1    16     2    25
  3.4750857035917843E-01 a      1176     1    17     2     1
 -2.1387694997747517E+00 a      1177     1    17     2     2
  2.1325311349077163E+00 a      1178     1    17     2     3
  1.9104385494144087E+00 a      1179     1    17     2     4
  1.3041328234312868E+00 a      1180     1    17     2     5
 -2.3537457309716736E-01 a      1181     1    17     2     6
  1.1592888573334634E+00 a      1182     1    17     2     7
  1.5348623503572609E+00 a      1183     1    17     2     8
 -5.8964091957066833E-01 a      1184     1    17     2     9
 -7.2010203020008667E-01 a      1185     1    17     2    10
 -1.6615116818786466E+00 a      1186     1    17     2    11
 -4.6997469260224756E-01 a      1187     1    17     2    12
  1.5118853623612476E+00 a      1188     1    17     2    13
 -1.6816445634936303E+00 a      1189     1    17     2    14
  6.0359800885549868E+00 a      1190     1    17     2    15
  1.3967504374081181E+00 a      1191     1    17     2    16
 -2.0191023316583654E+00 a      1192     1    17     2    17
 -7.8512488066902042E-01 a      1193     1    17     2    18
 -1.4488198083432594E-01 a      1194     1    17     2    19
  3.0441408049117263E-01 a      1195     1    17     2    20
  2.1803883189503470E-01 a      1196     1    17     2    21
  1.7980901999599959E+00 a      1197     1    17     2    22
 -1.0117539547220926E+00 a      1198     1    17     2    23
 -4.3817974056936837E-01 a      1199     1    17     2    24
  2.3106022472705479E+00 a      1200     1    17     2    25
 -8.8781040608046746E-01 a      1201     1    18     2     1
 -4.3538531931873949E+00 a      1202     1    18     2     2
  1.2801504962055932E+00 a      1203     1    18     2     3
 -6.4013687474912806E-01 a      1204     1    18     2     4
  1.2274567509928154E+00 a      1205     1    18     2     5
  3.0078302064405729E+00 a      1206     1    18     2     6
  1.5773287972325718E+00 a      1207     1    18     2     7
  1.1950499301838306E-01 a      1208     1    18     2     8
 -2.1101263799454579E+00 a      1209     1    18     2     9
 -1.2459860099576818E+00 a      1210     1    18     2    10
 -2.5067141129998447E+00 a      1211     1    18     2    11
  1.2315982347730308E+00 a      1212     1    18     2    12
 -8.1185251622521570E-01 a      1213     1    18     2    13
 -1.6763640820314523E+00 a      1214     1    18     2    14
 -2.2003516527932221E+00 a      1215     1    18     2    15
  1.2984665202675687E+00 a      1216     1    18     2    16
  1.2614319300562729E+00 a      1217     1    18     2    17
  6.7743096812216697E-01 a      1218     1    18     2    18
 -7.0214040580301618E-02 a      1219     1    18     2    19
  1.8358649935893584E-01 a      1220     1    18     2    20
 -2.5330811306639851E+00 a      1221     1    18     2    21
 -7.8970616864583587E-01 a      1222     1    18     2    22
  3.1157817543502868E+00 a      1223     1    18     2    23
  2.0911332095627264E-01 a      1224     1    18     2    24
  1.6832914671577446E+00 a      1225     1    18     2    25
 -2.0887296283746964E-01 a      1226     1    19     2     1
  1.1346438029613632E+00 a      1227     1    19     2     2
  1.7216842938310164E+00 a      1228     1    19     2     3
 -3.8415186617304420E-01 a      1229     1    19     2     4
 -1.9907196946419839E-01 a      1230     1    19     2     5
  2.8676138263812096E-04 a      1231     1    19     2     6
 -1.3288438829462035E+00 a      1232     1    19     2     7
 -8.1772662836690779E-01 a      1233     1    19     2     8
 -1.1321629007571592E+00 a      1234     1    19     2     9
 -1.8856079261857930E-01 a      1235     1    19     2    10
 -4.0054717210764617E+00 a      1236     1    19     2    11
 -1.8968737060752534E+00 a      1237     1    19     2    12
  1.3995995038443503E+00 a      1238     1    19     2    13
 -1.3196415787759558E-01 a      1239     1    19     2    14
 -3.7443465999122010E+00 a      1240     1    19     2    15
 -1.3579595701370931E-01 a      1241     1    19     2    16
  5.8892448795363972E-01 a      1242     1    19     2    17
 -9.1332267659305688E-01 a      1243     1    19     2    18
 -1.7124282986870620E+00 a      1244     1    19     2    19
 -1.1805007984940321E+00 a      1245     1    19     2    20
 -1.6110373787582695E+00 a      1246     1    19     2    21
  6.4971827545009830E-01 a      1247     1    19     2    22
 -9.2620032843056546E-02 a      1248     1    19     2    23
 -9.0760818500405516E-01 a      1249     1    19     2    24
  2.4046744168321017E+00 a      1250     1    19     2    25
 -6.6222091255537685E-01 a      1251     1    20     2     1
 -1.0428651802631959E+00 a      1252     1    20     2     2
  1.5762683323185347E+00 a      1253     1    20     2     3
 -1.4790815654920264E+00 a      1254     1    20     2     4
 -1.6446192242458408E+00 a      1255     1    20     2     5
  1.0776617173227525E+00 a      1256     1    20     2     6
 -1.9863340005548468E-02 a      1257     1    20     2     7
  5.1283721513710767E-01 a      1258     1    20     2     8
 -5.3681057486068218E-01 a      1259     1    20     2     9
  1.6791565898547389E+00 a      1260     1    20     2    10
 -6.9053530742565983E-01 a      1261     1    20     2    11
  6.6837171234781823E-01 a      1262     1    20     2    12
 -5.9915796465758366E-03 a      1263     1    20     2    13
  5.0299442815476947E-01 a      1264     1    20     2    14
  4.5189798668923604E+00 a      1265     1    20     2    15
  7.6430893430693347E-01 a      1266     1    20     2    16
 -2.9715704721635722E-01 a      1267     1    20     2    17
  7.2003941079078992E-01 a      1268     1    20     2    18
 -3.1845275509868203E-03 a      1269     1    20     2    19
  3.6960996501562293E-01 a      1270     1    20     2    20
 -7.9648540877391205E-01 a      1271     1    20     2    21
 -9.0334942625371084E-01 a      1272     1    20     2    22
 -1.9932559133812973E+00 a      1273     1    20     2    23
 -5.2930398607385163E+00 a      1274     1    20     2    24
  2.5426981495914930E-01 a      1275     1    20     2    25
 -2.0202009199801560E-01 a      1276     1    21     2     1
  1.7044062922019720E+00 a      1277     1    21     2     2
 -1.5171294827333573E-01 a      1278     1    21     2     3
  3.1031035642550636E-01 a      1279     1    21     2     4
 -1.9485806430042954E-01 a      1280     1    21     2     5
  1.0842116784132199E+00 a      1281     1    21     2     6
 -6.3999551042584724E-01 a      1282     1    21     2     7
  4.9230385732678947E-02 a      1283     1    21     2     8
 -9.0123192957634688E-03 a      1284     1    21     2     9
 -2.2187696402808268E-01 a      1285     1    21     2    10
 -1.1571886834526135E-01 a      1286     1    21     2    11
  4.2041545703875355E-01 a      1287     1    21     2    12
 -1.3420537323966947E-01 a      1288     1    21     2    13
 -1.0884804872759102E+00 a      1289     1    21     2    14
 -3.9053211857958474E+00 a      1290     1    21     2    15
 -2.8039031950711357E+00 a      1291     1    21     2    16
  4.6710195059428944E-02 a      1292     1    21     2    17
 -2.2218398770874819E+00 a      1293     1    21     2    18
 -3.0351040235792985E-02 a      1294     1    21     2    19
  7.6843601003764708E-02 a      1295     1    21     2    20
  7.6818300271198392E-01 a      1296     1    21     2    21
  1.5854369919152980E-01 a      1297     1    21     2    22
  2.1888216006742911E+00 a      1298     1    21     2    23
  1.4869418719175447E+00 a      1299     1    21     2    24
  1.6823259594533413E+00 a      1300     1    21     2    25
 -8.3783531073278272E-01 a      1301     1    22     2     1
 -1.1670493495704966E+00 a      1302     1    22     2     2
 -6.4334691768142382E-02 a      1303     1    22     2     3
 -6.7602297510283749E-01 a      1304     1    22     2     4
 -1.0841193984380668E+00 a      1305     1    22     2     5
 -1.7221809591798263E+00 a      1306     1    22     2     6
 -4.6896513466673712E-01 a      1307     1    22     2     7
  7.3283937455444548E-01 a      1308     1    22     2     8
  1.1369106969158589E+00 a      1309     1    22     2     9
 -3.8273276385928756E-01 a      1310     1    22     2    10
  1.2885275238313831E+00 a      1311     1    22     2    11
 -1.6361229916554942E-01 a      1312     1    22     2    12
  6.5730795642670781E-01 a      1313     1    22     2    13
  7.4779223546004669E-01 a      1314     1    22     2    14
  2.8364664223133523E-01 a      1315     1    22     2    15
 -1.5761415975377591E+00 a      1316     1    22     2    16
 -2.0406909631501864E+00 a      1317     1    22     2    17
 -1.6330141233271464E-01 a      1318     1    22     2    18
  9.9923337912781796E-02 a      1319     1    22     2    19
 -1.2710472795646162E+00 a      1320     1    22     2    20
  3.4726922944970795E-01 a      1321     1    22     2    21
 -1.6330061602285914E-01 a      1322     1    22     2    22
 -2.0832443547024018E+00 a      1323     1    22     2    23
  3.6100736876854485E+00 a      1324     1    22     2    24
 -3.2279211739901323E+00 a      1325     1    22     2    25
  8.7284080413750664E-01 a      1326     1    23     2     1
 -6.6162148350072003E-01 a      1327     1    23     2     2
  1.8320630937622118E-01 a      1328     1    23     2     3
  1.1248032642460157E+00 a      1329     1    23     2     4
  1.9373524328937899E+00 a      1330     1    23     2     5
 -1.3571183238279729E+00 a      1331     1    23     2     6
 -5.3587050773327938E-01 a      1332     1    23     2     7
  1.8270754323377831E+00 a      1333     1    23     2     8
  1.4411407518641373E-01 a      1334     1    23     2     9
 -3.8471688498460044E-01 a      1335     1    23     2    10
  7.6062230790465224E-01 a      1336     1    23     2    11
 -1.2043945723689404E+00 a      1337     1    23     2    12
 -1.0631063631734787E+00 a      1338     1    23     2    13
 -1.3820080571782034E+00 a      1339     1    23     2    14
  1.5203978789778989E+00 a      1340     1    23     2    15
  1.7454976074481759E-01 a      1341     1    23     2    16
 -2.4500209512442861E-01 a      1342     1    23     2    17
  1.7771192110267022E+00 a      1343     1    23     2    18
  3.9111248127750298E-01 a      1344     1    23     2    19
 -1.1037616489377149E+00 a      1345     1    23     2    20
 -1.2503396452278390E+00 a      1346     1    23     2    21
 -3.1069546775451917E-01 a      1347     1    23     2    22
 -1.1208568622297068E+00 a      1348     1    23     2    23
 -3.0421188956216536E+00 a      1349     1    23     2    24
 -1.1069560530568026E+00 a      1350     1    23     2    25
  2.8193131348166145E+00 a      1351     1    24     2     1
  4.7655497328750251E-01 a      1352     1    24     2     2
 -4.4374233722716294E-01 a      1353     1    24     2     3
 -5.0850787925767116E-01 a      1354     1    24     2     4
  2.4561831878013149E-01 a      1355     1    24     2     5
  6.7123346110868354E-01 a      1356     1    24     2     6
 -2.3074885488145988E-01 a      1357     1    24     2     7
 -1.8584914514834608E-01 a      1358     1    24     2     8
 -2.6628918973609519E+00 a      1359     1    24     2     9
  1.2022026316001197E-02 a      1360     1    24     2    10
 -9.2796731502064689E-01 a      1361     1    24     2    11
  8.0697397554904149E-01 a      1362     1    24     2    12
 -3.9611715537244263E-01 a      1363     1    24     2    13
  2.0529896879318206E+00 a      1364     1    24     2    14
 -2.9608418189511450E+00 a      1365     1    24     2    15
 -1.0129769085853040E+00 a      1366     1    24     2    16
  5.5914221942701681E-01 a      1367     1    24     2    17
 -1.2269712610909691E+00 a      1368     1    24     2    18
 -7.7502541884272269E-01 a      1369     1    24     2    19
 -3.8354152864337959E-01 a      1370     1    24     2    20
 -1.4767784754417534E-01 a      1371     1    24     2    21
 -1.5661930962587947E+00 a      1372     1    24     2    22
 -1.8435806654718407E-02 a      1373     1    24     2    23
  3.8239458756525804E+00 a      1374     1    24     2    24
  9.3006437714160806E-01 a      1375     1    24     2    25
 -3.7416802879254529E-01 a      1376     1    25     2     1
  3.2510740346979644E-01 a      1377     1    25     2     2
 -4.9585124056538898E-01 a      1378     1    25     2     3
 -1.3210147013396190E+00 a      1379     1    25     2     4
 -2.3641826567476809E-01 a      1380     1    25     2     5
  5.7169254007877823E-01 a      1381     1    25     2     6
  3.2415962680743776E-01 a      1382     1    25     2     7
 -3.8386020731131298E-01 a      1383     1    25     2     8
  4.7289379006194598E-01 a      1384     1    25     2     9
  8.8410613749559175E-01 a      1385     1    25     2    10
 -1.8839043707074227E-01 a      1386     1    25     2    11
  9.0691649076039949E-01 a      1387     1    25     2    12
 -1.0880077947218968E-01 a      1388     1    25     2    13
  1.0856728418377291E+00 a      1389     1    25     2    14
 -7.8623477357178806E-01 a      1390     1    25     2    15
 -1.1611684327322387E-01 a      1391     1    25     2    16
 -3.6567312087432513E-01 a      1392     1    25     2    17
 -9.8453443316885580E-01 a      1393     1    25     2    18
 -4.2988788793993710E-01 a      1394     1    25     2    19
  5.2535382375355280E-02 a      1395     1    25     2    20
 -1.0860663092151701E+00 a      1396     1    25     2    21
 -1.3655561482811591E+00 a      1397     1    25     2    22
  5.8579864973080320E-01 a      1398     1    25     2    23
 -1.4939758817378450E+00 a      1399     1    25     2    24
  1.4480535600399991E+00 a      1400     1    25     2    25
 -1.4527375371319424E+00 b      1401     2     1
  2.1744859829391787E+00 b      1402     2     2
  1.1360804404857159E+00 b      1403     2     3
  6.5057892175033794E-01 b      1404     2     4
 -1.5603654074325037E+00 b      1405     2     5
 -8.6613194279241512E-01 b      1406     2     6
  6.6064196318456403E-01 b      1407     2     7
  2.4750905125210871E+00 b      1408     2     8
 -2.2564133785791904E-01 b      1409     2     9
  2.6966689398155554E+00 b      1410     2    10
  8.0036019397148750E-01 b      1411     2    11
 -1.3306946015061325E+00 b      1412     2    12
  7.7010236608239790E-01 b      1413     2    13
  2.7397926249838109E+00 b      1414     2    14
  2.0418622540349127E+00 b      1415     2    15
  1.1025728870801812E+00 b      1416     2    16
 -7.6617641191866603E-01 b      1417     2    17
  2.0395544615152179E+00 b      1418     2    18
  2.7073021664804751E+00 b      1419     2    19
  1.0913970531345359E-01 b      1420     2    20
  4.1625536978495301E+00 b      1421     2    21
  2.5983943676069177E+00 b      1422     2    22
 -5.0093231958140438E-01 b      1423     2    23
  3.2314334523427237E+00 b      1424     2    24
  7.5866874454922273E-01 b      1425     2    25
  1.0115910225251203E-01 a      1426     2     1     3     1
 -6.2546431694349383E-02 a      1427     2     2     3     1
  8.1750664616676808E-02 a      1428     2     3     3     1
  2.5032600835614210E-01 a      1429     2     4     3     1
 -7.0089820743453726E-02 a      1430     2     5     3     1
 -3.2747722403279989E-01 a      1431     2     6     3     1
  4.7480961504124997E-01 a      1432     2     7     3     1
 -1.5911133010264056E-01 a      1433     2     8     3     1
  1.0971119163101646E-01 a      1434     2     9     3     1
  3.1330062114563678E-01 a      1435     2    10     3     1
 -1.1568628634208733E-01 a      1436     2    11     3     1
  8.1799955194489349E-02 a      1437     2    12     3     1
 -3.3952740435099044E-01 a      1438     2    13     3     1
 -1.1352515786788581E-01 a      1439     2    14     3     1
  1.8339448154074742E-01 a      1440     2    15     3     1
 -1.2065152108351372E-01 a      1441     2    16     3     1
 -7.8378081204260222E-02 a      1442     2    17     3     1
  1.6087035359352919E-01 a      1443     2    18     3     1
 -1.4477421540425783E-01 a      1444     2    19     3     1
  5.2003636851586696E-02 a      1445     2    20     3     1
  2.0892698138338800E-01 a      1446     2    21     3     1
 -1.4820869445170567E-01 a      1447     2    22     3     1
  1.8279319207834949E-01 a      1448     2    23     3     1
 -1.0950520752944674E-01 a      1449     2    24     3     1
  5.1500620169327672E-03 a      1450     2    25     3     1
 -1.8272214957000252E-01 b      1451     3     1
